1	0	6.62791320569	7	0
1	1	6.48104585166	7	0
1	2	6.60107387712	4	0
1	3	6.38869007308	7	0
1	4	6.14980751277	7	0
1	5	6.4517417595	7	0
1	6	6.59304531744	7	0
1	7	6.42990858479	0	0
1	8	6.59958533232	7	0
1	9	6.57864159735	7	0
1	10	6.47634419863	0	0
1	11	6.54858625321	7	0
1	12	6.16556675962	7	0
1	13	6.47561591962	7	0
1	14	6.58970405602	7	0
1	15	6.59262195304	4	1
1	16	6.48685072828	8	1
1	17	6.43993403714	7	0
1	18	6.52778405624	7	0
1	19	6.00995642176	7	0
1	20	6.54701620615	7	0
1	21	6.5501559071	7	0
1	22	6.62202742027	7	0
1	23	6.48207015791	7	0
1	24	6.48044139046	0	0
1	25	6.562975425	7	0
1	26	6.50467291945	7	0
1	27	6.56280258093	7	0
1	28	6.58926713031	7	0
1	29	6.48830751493	7	0
1	30	6.53687743828	7	0
1	31	6.56720998305	7	0
1	32	6.57501110242	7	0
1	33	6.07999898841	7	0
1	34	6.64290043032	7	0
1	35	6.70740742118	7	0
1	36	6.53819612836	7	0
1	37	6.61135932526	7	0
1	38	6.57723303774	7	0
1	39	6.43907119673	7	0
1	40	6.23229554549	7	0
1	41	6.37142152436	0	1
1	42	6.6097343915	7	0
1	43	6.62322984483	7	0
1	44	6.61075813375	4	0
1	45	6.57583622857	7	0
1	46	6.57005700103	0	0
1	47	6.54898428844	7	0
1	48	6.56361382297	7	0
1	49	6.58923017006	7	0
1	50	6.0124680738	7	0
1	51	6.60033990828	7	0
1	52	6.58975760456	7	0
1	53	6.65401547552	7	0
1	54	6.42673472811	0	0
1	55	6.60980622337	7	0
1	56	6.68085330127	7	0
1	57	6.56093231251	7	0
1	58	6.58064579037	7	0
1	59	6.58142387367	7	0
1	60	6.48003273562	7	0
1	61	6.54612606143	7	0
1	62	6.09900207167	7	0
1	63	6.64061822218	7	0
1	64	6.56493832253	7	0
1	65	6.51487109137	0	0
1	66	6.54825078593	7	0
1	67	6.57216441139	7	0
1	68	6.53513890857	7	0
1	69	6.45798931391	0	0
1	70	6.53035794778	7	0
1	71	6.58486973366	7	0
1	72	6.549980958	7	0
1	73	6.20496182522	7	0
1	74	6.52086418519	7	0
1	75	6.45667696573	7	0
1	76	6.49578167761	7	0
1	77	6.38897466393	7	0
1	78	6.65014995241	7	0
1	79	6.59622587348	7	0
1	80	6.10348550906	7	0
1	81	6.50115465834	7	0
1	82	6.16892122863	7	0
1	83	6.6605023658	7	0
1	84	6.59075421357	7	0
1	85	6.625012736	7	0
1	86	6.5634834093	7	0
1	87	6.57744499497	0	0
1	88	6.5883699327	7	0
1	89	6.50759596944	7	0
1	90	6.50677290987	7	0
1	91	6.6147122925	7	0
1	92	6.50982610966	7	0
1	93	6.53253235478	7	0
1	94	6.61385027699	7	0
1	95	6.62025760083	8	0
1	96	6.02722450365	7	0
1	97	5.98592774995	7	1
1	98	6.49963261841	7	0
1	99	7.82016661347	1	1
3	0	6.34849821547	2	0
3	1	6.31418734488	0	0
3	2	6.44478991237	2	0
3	3	6.32424648465	0	0
3	4	6.38034384675	4	0
3	5	6.37523900563	0	0
3	6	6.48457760764	0	0
3	7	5.82306197106	0	0
3	8	6.23838324544	4	0
3	9	5.98570295873	2	0
3	10	6.29220460384	4	0
3	11	6.21243314241	0	0
3	12	6.40213310065	0	0
3	13	6.06866746451	2	0
3	14	6.28735296876	0	0
3	15	6.38605257822	0	0
3	16	5.73847350818	0	0
3	17	6.12430096373	2	0
3	18	6.33875399111	0	0
3	19	5.96035332805	2	0
3	20	6.05906676696	2	0
3	21	6.38041115916	0	0
3	22	6.36868231194	0	0
3	23	6.34872808295	0	0
3	24	6.15427718096	5	0
3	25	6.31533882451	0	0
3	26	6.26175237472	0	0
3	27	6.34514464823	0	0
3	28	6.35933854638	0	0
3	29	6.35738875557	0	0
3	30	6.31450607612	0	0
3	31	6.23252909832	0	0
3	32	6.41614150582	0	0
3	33	6.30291789269	8	0
3	34	6.21736915219	4	1
3	35	6.44974101164	0	0
3	36	6.35814890065	2	0
3	37	5.83475581456	0	0
3	38	6.29009958701	0	0
3	39	6.37459285534	2	0
3	40	6.32061236022	0	0
3	41	5.86947298131	2	0
3	42	6.37841624201	0	0
3	43	5.80702325096	2	1
3	44	6.13533074313	5	0
3	45	6.35203449984	0	0
3	46	6.23792173874	5	0
3	47	6.22429214035	0	0
3	48	6.37943379215	0	0
3	49	6.25980785376	0	0
3	50	6.26753265565	8	0
3	51	6.2972276822	5	0
3	52	6.21704109831	5	0
3	53	6.42691801666	0	0
3	54	5.82629061256	0	0
3	55	6.18746349013	5	0
3	56	5.72453309966	0	1
3	57	6.42879889774	0	0
3	58	6.40167193421	0	0
3	59	6.26304785169	8	0
3	60	6.40822180185	0	0
3	61	5.80904907654	0	0
3	62	6.31054412091	8	0
3	63	5.86492885049	0	0
3	64	6.39054328887	0	0
3	65	6.20443330239	5	0
3	66	6.32641688736	4	0
3	67	6.25826128097	8	0
3	68	6.30873402471	0	0
3	69	6.23416690403	8	1
3	70	6.34430761534	0	0
3	71	6.34912788767	0	0
3	72	6.23904700015	0	0
3	73	6.34507995804	0	0
3	74	6.31197207138	8	0
3	75	6.37676109596	0	0
3	76	6.19531149362	2	0
3	77	6.36006951497	0	0
3	78	6.46227865847	0	0
3	79	6.31531105722	4	0
3	80	6.30642492271	2	0
3	81	6.13483421115	0	0
3	82	6.02081631311	2	0
3	83	6.42263352138	0	0
3	84	6.24835334682	0	0
3	85	6.05692032763	5	1
3	86	6.14948852888	5	0
3	87	5.97960142528	0	0
3	88	6.37464312973	0	0
3	89	6.31489008795	0	0
3	90	6.21842174102	4	0
3	91	6.41650208409	0	0
3	92	6.39581956653	0	0
3	93	5.97749979228	2	0
3	94	6.36333565349	0	0
3	95	6.35695981287	0	0
3	96	6.4309589886	0	0
3	97	5.85858173737	2	0
3	98	6.3572394262	0	0
3	99	7.85243828769	9	1
2	0	7.12612317665	1	0
2	1	6.99382240811	1	0
2	2	6.55531146707	1	0
2	3	6.692116269	9	0
2	4	6.6844790011	1	0
2	5	6.81135139852	1	0
2	6	6.95183081867	4	1
2	7	7.18005217281	9	0
2	8	7.06255244875	1	0
2	9	6.61373369733	1	0
2	10	7.14886855639	1	0
2	11	7.0718063409	1	0
2	12	7.12496314205	9	0
2	13	6.68976703488	1	0
2	14	7.1230346514	1	0
2	15	6.55821000082	9	0
2	16	6.49344382298	9	1
2	17	6.93929840628	9	0
2	18	7.1211754283	9	0
2	19	6.7516725072	1	0
2	20	7.05814745453	9	0
2	21	7.06784314784	1	0
2	22	7.15730873954	9	0
2	23	7.11481180883	1	0
2	24	7.096624128	9	0
2	25	6.77370756936	9	0
2	26	7.06660806872	9	0
2	27	7.03659310307	1	0
2	28	6.75855087912	9	0
2	29	7.09747272651	1	0
2	30	6.97866890404	9	0
2	31	7.09052188233	9	0
2	32	7.11915810165	9	0
2	33	7.12951921405	1	0
2	34	6.53869387232	1	0
2	35	7.14395030206	1	0
2	36	7.07030883247	6	0
2	37	7.15686596569	1	0
2	38	7.07024831504	1	0
2	39	6.92894162153	1	0
2	40	7.11140216466	1	0
2	41	7.0355259452	6	0
2	42	7.15125953587	9	0
2	43	7.10527794786	1	0
2	44	7.03377315338	4	0
2	45	7.04755477033	9	0
2	46	7.09339014946	1	0
2	47	7.05800399068	9	0
2	48	7.11410545285	9	0
2	49	7.07874535627	9	0
2	50	7.09713911577	1	0
2	51	7.04643272058	9	0
2	52	7.07972330318	1	0
2	53	7.14177271669	0	0
2	54	7.05975602004	4	0
2	55	7.00092875685	9	0
2	56	7.2172885392	1	0
2	57	7.13639134714	1	0
2	58	7.08603800297	9	0
2	59	7.10189832988	9	0
2	60	7.04426164744	1	0
2	61	7.09394499937	9	0
2	62	6.68332342199	9	0
2	63	7.02961255493	6	0
2	64	7.01597917669	9	0
2	65	7.07156671851	1	0
2	66	7.11504516251	1	0
2	67	7.17223978434	9	0
2	68	7.05755322785	9	0
2	69	6.60545721225	1	0
2	70	7.0243898025	9	0
2	71	7.0643390749	9	0
2	72	7.04292822868	9	0
2	73	7.06320941328	9	0
2	74	7.1301981143	1	0
2	75	7.02438513221	1	0
2	76	7.1251900462	9	0
2	77	7.06375368203	1	0
2	78	6.47126688893	1	1
2	79	7.09454909208	9	0
2	80	6.63580185688	9	0
2	81	7.06224140914	9	0
2	82	6.75772599005	9	0
2	83	6.95220901517	6	1
2	84	7.03824925748	1	0
2	85	7.14477450679	9	0
2	86	6.58054947484	9	0
2	87	6.76956117354	9	0
2	88	7.13007156128	9	0
2	89	7.07017520899	1	0
2	90	6.59246706938	1	0
2	91	7.05543591549	1	0
2	92	7.05439345383	9	0
2	93	7.10689526578	1	0
2	94	7.09216629972	1	0
2	95	7.11360613462	9	0
2	96	7.09071993418	1	0
2	97	7.11993353764	3	1
2	98	6.93613502185	1	0
2	99	10.7492137293	7	0
4	0	6.58796416833	8	0
4	1	6.5928741662	7	0
4	2	6.69224596314	7	0
4	3	6.48250341634	9	0
4	4	6.66875702336	8	0
4	5	6.36535874676	7	0
4	6	6.66025380519	7	0
4	7	6.52837388295	2	0
4	8	6.10792092039	8	0
4	9	6.64850804346	7	0
4	10	6.53806892849	2	0
4	11	6.65441069574	8	0
4	12	6.40636933083	9	0
4	13	6.61649562402	8	0
4	14	6.66815093226	7	0
4	15	6.08906533496	7	0
4	16	5.98139089839	8	1
4	17	6.54520176517	9	0
4	18	6.66010499555	8	0
4	19	6.57204682153	9	0
4	20	6.28200511991	8	0
4	21	6.58181147055	8	0
4	22	6.72182499448	7	0
4	23	6.20346965267	7	0
4	24	6.07560437121	7	0
4	25	6.55707081118	8	0
4	26	6.59712264409	8	0
4	27	6.56382349049	7	0
4	28	6.633057221	8	0
4	29	6.64980549345	8	0
4	30	6.51207615914	7	0
4	31	6.66532332298	8	0
4	32	6.65317651996	8	0
4	33	6.13987386724	7	0
4	34	6.73354669773	8	0
4	35	6.68072931136	7	0
4	36	6.66231993494	7	0
4	37	6.20968923402	9	0
4	38	6.56845296412	7	0
4	39	6.47009909662	9	0
4	40	6.58660523852	8	0
4	41	6.47981359102	2	1
4	42	6.67229858368	8	0
4	43	6.51588461821	2	0
4	44	6.66126016544	7	0
4	45	6.29064402814	8	0
4	46	6.6213922494	9	0
4	47	6.41601197158	9	0
4	48	6.63380452885	8	0
4	49	6.57631983156	8	0
4	50	6.27397966745	9	0
4	51	6.19004679046	8	0
4	52	6.30970451033	7	0
4	53	6.64674039592	8	0
4	54	6.70122452052	7	0
4	55	6.48144022437	7	0
4	56	6.16844010113	9	1
4	57	5.99509882412	8	0
4	58	6.25314734373	8	0
4	59	6.24028798152	9	0
4	60	6.67455078111	8	0
4	61	6.05560029702	8	0
4	62	6.65698413867	8	0
4	63	6.61624511775	2	0
4	64	6.65305474215	7	0
4	65	6.34250168817	9	0
4	66	6.16335025494	7	0
4	67	6.05211954126	7	1
4	68	6.6211108788	8	0
4	69	6.64929792276	7	0
4	70	6.44265128485	7	0
4	71	6.61081653932	8	0
4	72	6.56718826786	8	0
4	73	6.57803435635	7	0
4	74	6.66509097549	8	0
4	75	6.30282603338	9	0
4	76	6.60487118359	7	0
4	77	6.28242884567	7	0
4	78	6.59438569511	7	0
4	79	6.62436907845	8	0
4	80	6.65569979885	8	0
4	81	6.46452899798	8	0
4	82	6.53515638428	7	0
4	83	6.50141693339	2	0
4	84	6.62719119195	7	0
4	85	6.41088858623	9	0
4	86	6.11565734151	7	0
4	87	6.60164938404	7	0
4	88	6.71390660934	8	0
4	89	6.61551581223	7	0
4	90	6.64851491531	7	0
4	91	6.66272636838	7	0
4	92	6.56304734352	7	0
4	93	6.21339764312	7	0
4	94	6.60702221224	8	0
4	95	6.57794646361	2	0
4	96	6.267924185	9	0
4	97	6.64374539203	8	0
4	98	6.56053748229	8	0
4	99	7.77394392528	4	1
5	0	6.64947577905	5	0
5	1	6.51625338818	5	0
5	2	5.94790145462	5	0
5	3	6.58665226643	5	0
5	4	6.63103785432	5	0
5	5	6.52465909868	5	0
5	6	6.43753257108	3	0
5	7	6.69122491039	5	0
5	8	6.56696806145	5	0
5	9	6.60904151672	5	0
5	10	6.52932148847	3	0
5	11	6.5935644703	5	0
5	12	6.63338740332	5	0
5	13	6.53462030737	5	0
5	14	6.65980977136	5	0
5	15	6.45470722298	3	0
5	16	6.0766927402	8	1
5	17	6.53708147286	5	0
5	18	6.54669163578	5	0
5	19	6.10265395059	5	0
5	20	6.50058341127	5	0
5	21	6.54577314796	5	0
5	22	6.65644080017	5	0
5	23	6.584912852	5	0
5	24	6.0309478511	5	0
5	25	6.53849637485	5	0
5	26	6.41093487584	8	0
5	27	6.53748055915	5	0
5	28	6.56980563735	5	0
5	29	6.58051589242	5	0
5	30	6.6003079059	5	0
5	31	6.55556255226	5	0
5	32	6.51173773628	5	0
5	33	6.58871025744	5	0
5	34	6.6614198996	5	0
5	35	6.66672904054	5	0
5	36	6.59208039623	5	0
5	37	6.53382783309	3	0
5	38	6.52749953687	5	0
5	39	6.57425012395	5	0
5	40	6.53522152394	5	0
5	41	6.68156963437	5	0
5	42	6.16104481425	8	0
5	43	6.67384847048	5	0
5	44	6.66164859845	5	0
5	45	6.5913505455	5	0
5	46	6.58887854009	5	0
5	47	6.57470857717	5	0
5	48	6.62468173671	5	0
5	49	6.6536703924	5	0
5	50	6.55051199198	5	0
5	51	6.18756732204	5	0
5	52	6.49875158669	5	0
5	53	6.13694344802	8	0
5	54	6.1915081534	8	0
5	55	6.63937456165	8	0
5	56	6.66484611218	5	0
5	57	6.07745609739	8	0
5	58	6.17521247228	5	0
5	59	6.63378164579	5	0
5	60	6.54722489107	5	0
5	61	6.03077371943	5	0
5	62	6.58580267585	5	0
5	63	6.6557062569	5	0
5	64	6.62142296105	5	0
5	65	6.03938038049	5	0
5	66	6.57893830061	5	0
5	67	6.64739945157	5	0
5	68	6.62719130313	5	0
5	69	6.5916415675	8	0
5	70	6.4922023758	5	0
5	71	6.56389416245	5	0
5	72	6.57028712832	5	0
5	73	6.52562834218	5	0
5	74	6.50254027613	5	0
5	75	6.50500686839	5	0
5	76	6.55366858627	5	0
5	77	6.59740188699	5	0
5	78	6.36483241499	3	1
5	79	6.63276662126	5	0
5	80	6.60751742147	5	0
5	81	6.53335428679	5	0
5	82	6.53246819451	5	0
5	83	6.63609601309	5	0
5	84	6.33535304878	8	0
5	85	6.6410644988	5	0
5	86	6.60234761419	5	0
5	87	6.51590477379	5	0
5	88	6.63813611809	5	0
5	89	6.55504542526	5	0
5	90	6.47569565037	3	0
5	91	6.62777196613	5	0
5	92	6.64813210625	5	0
5	93	6.61014841608	5	0
5	94	6.41676606877	5	0
5	95	6.64864317171	5	0
5	96	6.63282251238	5	0
5	97	5.93594969315	5	1
5	98	6.50475738899	5	0
5	99	7.84951346076	7	1
6	0	7.02029506048	7	0
6	1	6.77361415982	2	0
6	2	6.62485155569	4	0
6	3	6.84866973019	7	0
6	4	6.68858170292	2	0
6	5	6.87596388857	4	0
6	6	6.31289175101	7	0
6	7	6.48254281853	0	0
6	8	6.68840070194	4	0
6	9	6.69070071926	9	0
6	10	6.66812135789	4	0
6	11	6.68361072691	0	0
6	12	6.78662646842	2	0
6	13	6.89107961553	7	0
6	14	6.64197990166	9	0
6	15	6.99829372778	7	0
6	16	6.56848048454	4	0
6	17	6.98179334862	7	0
6	18	6.7402958347	9	0
6	19	6.50485295014	7	0
6	20	6.90000912768	7	0
6	21	6.93390192468	7	0
6	22	6.94435493331	7	0
6	23	6.84406798248	6	0
6	24	6.58835985734	9	0
6	25	6.93774388843	7	0
6	26	6.93817722999	7	0
6	27	6.63742678874	7	0
6	28	6.92374693089	7	0
6	29	6.71474893046	0	0
6	30	6.77007905998	7	0
6	31	6.96025879989	7	0
6	32	7.01580609737	7	0
6	33	6.60075503811	9	0
6	34	6.55685208112	2	1
6	35	6.59674035368	6	1
6	36	6.50043390626	7	0
6	37	6.64314562225	2	0
6	38	6.7324209844	2	0
6	39	6.90040034672	0	0
6	40	6.72390089768	9	0
6	41	6.40005034426	0	1
6	42	6.95341816749	0	0
6	43	6.96803927807	7	0
6	44	7.00746480761	0	0
6	45	6.92295089352	7	0
6	46	6.83585015395	6	0
6	47	6.70337374186	9	0
6	48	6.95442375945	7	0
6	49	6.97787461199	0	0
6	50	6.63161120616	2	0
6	51	6.9285861068	7	0
6	52	6.94640652923	7	0
6	53	6.95873450148	8	0
6	54	6.50259715305	0	0
6	55	6.83790410854	6	0
6	56	6.30961174901	7	1
6	57	6.9385902373	8	1
6	58	6.59801827145	0	0
6	59	6.59309146567	2	0
6	60	6.95542730295	7	0
6	61	6.39034760717	7	0
6	62	6.49691625379	7	0
6	63	6.99042453913	0	0
6	64	6.94731881207	7	0
6	65	6.61330771592	9	0
6	66	6.74153647358	4	0
6	67	6.78780337568	6	0
6	68	6.94484619081	0	0
6	69	6.9483908113	7	0
6	70	6.80738390071	4	0
6	71	6.78600280574	6	0
6	72	6.88519226274	7	0
6	73	6.89113003536	7	0
6	74	7.00640276148	7	0
6	75	6.63652347955	9	0
6	76	6.65707012752	0	0
6	77	6.88392279989	7	0
6	78	6.53814215876	4	1
6	79	6.66565028439	2	0
6	80	6.56016733188	0	0
6	81	6.78263641277	0	0
6	82	6.88950493059	0	0
6	83	7.00255709867	8	0
6	84	6.60734940756	0	0
6	85	6.41089863129	0	0
6	86	6.41141313511	7	0
6	87	6.94088381921	7	0
6	88	6.95894144691	0	0
6	89	6.86605140355	9	0
6	90	6.99895583066	7	0
6	91	6.94054962095	7	0
6	92	6.71611559047	2	0
6	93	6.71825289209	4	0
6	94	6.5970028988	0	0
6	95	6.65702980686	4	0
6	96	6.95981439494	7	0
6	97	6.55010050838	9	1
6	98	6.82432641011	2	0
6	99	8.08544136775	1	1
7	0	6.42875192555	1	0
7	1	6.31505670812	1	0
7	2	6.37196870956	1	0
7	3	6.01369034344	7	0
7	4	6.37696323443	1	0
7	5	6.18957391153	1	0
7	6	6.43454825296	1	0
7	7	6.44289811983	1	0
7	8	6.443483174	1	0
7	9	6.37840216941	1	0
7	10	6.47325125172	1	0
7	11	6.37135863645	1	0
7	12	6.14491144571	7	0
7	13	6.08097765621	7	0
7	14	6.22318992335	1	0
7	15	5.9489448106	7	0
7	16	6.45364502201	1	0
7	17	6.22914997968	1	0
7	18	6.29808891781	1	0
7	19	6.21439014036	1	0
7	20	6.31560640895	1	0
7	21	6.33053106145	1	0
7	22	6.39679560794	1	0
7	23	6.37160305262	1	0
7	24	6.4033413935	1	0
7	25	6.34271921838	1	0
7	26	6.28038219598	1	0
7	27	6.35206089804	1	0
7	28	6.43960840259	7	0
7	29	6.30347911856	1	0
7	30	6.27459200154	1	0
7	31	6.33909859739	1	0
7	32	6.43493583129	1	0
7	33	6.43417745348	1	0
7	34	6.46314164576	1	0
7	35	5.67645879566	1	1
7	36	6.37209690027	1	0
7	37	5.87402699444	1	0
7	38	6.35028595457	1	0
7	39	6.40061583286	1	0
7	40	6.28334002802	1	0
7	41	6.43492374113	1	0
7	42	6.37949450345	1	0
7	43	6.45451574683	1	0
7	44	5.88197778887	7	1
7	45	6.37691116724	1	0
7	46	5.98623786609	7	0
7	47	6.31934954962	1	0
7	48	6.3434584225	1	0
7	49	6.32825540835	1	0
7	50	6.48081184536	1	0
7	51	6.33383994579	1	0
7	52	6.34973276581	1	0
7	53	6.46257006135	1	0
7	54	6.42081358244	1	0
7	55	6.39678016643	1	0
7	56	6.3982037739	1	0
7	57	6.43548659261	1	0
7	58	6.34880997223	1	0
7	59	6.42583688029	1	0
7	60	6.4403270125	1	0
7	61	6.41667994527	1	0
7	62	6.4260948837	1	0
7	63	5.82407013967	1	0
7	64	6.41663991146	1	0
7	65	5.86167642734	1	0
7	66	6.38848894277	1	0
7	67	6.43838481718	1	0
7	68	6.35991807198	1	0
7	69	6.46584432658	7	0
7	70	6.25214670658	1	0
7	71	6.39391812894	1	0
7	72	6.38964355334	1	0
7	73	6.1068935652	7	0
7	74	6.36205080853	1	0
7	75	6.31032215092	1	0
7	76	6.01069869932	1	0
7	77	6.3421230664	1	0
7	78	6.45549066536	1	0
7	79	6.448863308	1	0
7	80	5.94261908097	1	0
7	81	6.25688525757	1	0
7	82	6.23143516777	1	0
7	83	6.45008423429	1	0
7	84	6.32997490246	1	0
7	85	6.38384220407	1	0
7	86	5.90403096754	7	0
7	87	6.09067967744	7	0
7	88	6.40934522446	1	0
7	89	6.20577057149	1	0
7	90	6.43208673693	1	0
7	91	6.37409900276	1	0
7	92	6.30655225581	1	0
7	93	6.37172759547	1	0
7	94	6.2945616351	1	0
7	95	5.85774404938	1	0
7	96	6.45384777118	1	0
7	97	5.7969202253	1	0
7	98	6.38599582314	1	0
7	99	5.97165293588	8	1
8	0	6.55214739167	5	0
8	1	6.50623386188	0	0
8	2	6.55061028926	0	0
8	3	6.42540380677	0	0
8	4	6.02140959102	5	0
8	5	6.52347270525	0	0
8	6	6.59176906642	0	0
8	7	6.56972306095	0	0
8	8	6.60047371686	0	0
8	9	6.56061418434	0	0
8	10	6.46857766018	0	0
8	11	6.46714595086	0	0
8	12	6.58471369207	0	0
8	13	6.4679241114	5	0
8	14	6.55108227767	5	0
8	15	6.57768567029	0	0
8	16	5.87070094405	0	1
8	17	6.5260813453	0	0
8	18	6.54049749373	0	0
8	19	6.1569376034	0	0
8	20	6.46243054453	0	0
8	21	6.54359549349	0	0
8	22	6.50704700443	0	0
8	23	6.54061772491	0	0
8	24	6.5021968868	0	0
8	25	6.18281083992	0	0
8	26	6.46946715105	0	0
8	27	6.49640434767	5	0
8	28	6.5117209025	0	0
8	29	6.55520794736	0	0
8	30	6.44491241685	0	0
8	31	6.48274590034	0	0
8	32	6.00318708528	0	0
8	33	6.56270514937	0	0
8	34	6.52855377983	5	0
8	35	6.62691352429	0	0
8	36	6.47289872352	5	0
8	37	6.60103133778	0	0
8	38	6.52195935079	5	0
8	39	6.51470418976	5	0
8	40	6.55068288914	0	0
8	41	6.66986426853	0	0
8	42	6.53652790679	0	0
8	43	5.89821380332	5	0
8	44	5.93729849798	0	0
8	45	6.50847617335	0	0
8	46	6.09287542131	0	0
8	47	6.55490676232	0	0
8	48	6.52736610597	0	0
8	49	6.54144784699	0	0
8	50	6.58688118661	0	0
8	51	6.49020580261	0	0
8	52	6.47986817388	0	0
8	53	6.54611462822	0	0
8	54	6.00667944921	5	0
8	55	6.00960101699	0	0
8	56	6.64292986325	6	0
8	57	6.59686799492	0	0
8	58	6.52846580518	0	0
8	59	6.56017733772	0	0
8	60	5.95861294436	5	0
8	61	6.54860688126	0	0
8	62	6.59018750068	0	0
8	63	6.58078441206	0	0
8	64	6.56581061252	0	0
8	65	6.53323937805	0	0
8	66	6.58067646006	0	0
8	67	6.57088540753	0	0
8	68	6.54361747607	0	0
8	69	6.55471942564	5	0
8	70	6.31332064955	0	0
8	71	6.53086955338	0	0
8	72	6.41675342099	0	0
8	73	6.4171816682	5	0
8	74	6.57169414826	0	0
8	75	6.52660480424	0	0
8	76	6.54726027793	0	0
8	77	6.49652993575	0	0
8	78	5.86881139958	5	1
8	79	6.54642819883	0	0
8	80	6.51866506455	0	0
8	81	6.43144577164	0	0
8	82	6.44117730726	0	0
8	83	6.62971052482	0	0
8	84	6.57446632401	0	0
8	85	6.5557707819	6	1
8	86	5.9830675165	0	0
8	87	6.55625859367	0	0
8	88	6.56028525508	0	0
8	89	6.22125412177	5	0
8	90	6.56378288391	0	0
8	91	6.06111250106	5	0
8	92	6.51093485782	0	0
8	93	6.57578900105	0	0
8	94	6.09524554346	0	0
8	95	6.53382753666	0	0
8	96	6.60101476983	0	0
8	97	6.54806768955	0	0
8	98	6.4947948141	0	0
8	99	10.0364063576	8	0
9	0	6.36279440989	9	0
9	1	6.19692606985	9	0
9	2	6.1734072484	3	0
9	3	6.22636405568	9	0
9	4	6.29872985142	9	0
9	5	6.29300384054	9	0
9	6	6.34254095853	9	0
9	7	6.17261313981	1	0
9	8	6.285495152	9	0
9	9	6.33920906608	9	0
9	10	6.30719382835	9	0
9	11	6.24182057931	9	0
9	12	6.3516045951	9	0
9	13	6.24046929544	9	0
9	14	6.2888828029	9	0
9	15	6.33863042351	9	0
9	16	6.06012179497	1	1
9	17	6.28101511715	9	0
9	18	6.22203721579	9	0
9	19	6.16946561888	9	0
9	20	6.2546786078	9	0
9	21	6.26727299424	9	0
9	22	6.28581971533	9	0
9	23	6.25600868217	1	0
9	24	6.37656808339	9	0
9	25	6.25261639625	9	0
9	26	5.9480000384	9	0
9	27	6.23525186617	9	0
9	28	6.32924879665	9	0
9	29	6.23674314444	9	0
9	30	6.29001816237	9	0
9	31	6.30441997184	9	0
9	32	6.29533606192	9	0
9	33	6.24751360497	1	0
9	34	5.70207802967	9	0
9	35	6.11878723902	3	1
9	36	6.24416125621	9	0
9	37	6.21424762618	1	0
9	38	6.22705764529	9	0
9	39	6.25487616758	9	0
9	40	6.30009589343	9	0
9	41	6.16706903957	3	0
9	42	6.24614779087	9	0
9	43	6.3537070429	9	0
9	44	6.36413869387	9	0
9	45	6.30997084979	9	0
9	46	6.2844698395	9	0
9	47	6.29396481211	9	0
9	48	6.3409391501	3	0
9	49	6.24830824309	9	0
9	50	6.36459939956	9	0
9	51	6.23705792859	9	0
9	52	6.29705271058	9	0
9	53	6.31198491354	9	0
9	54	5.71230030399	9	0
9	55	6.23487646666	1	0
9	56	5.64117495732	9	1
9	57	6.16150972793	3	0
9	58	6.27551893197	9	0
9	59	6.36742042458	9	0
9	60	6.25526060535	9	0
9	61	5.7064632347	9	0
9	62	6.33526548752	9	0
9	63	6.34869010931	9	0
9	64	6.30833669207	9	0
9	65	6.29469824604	3	0
9	66	6.23982839188	1	0
9	67	6.15252924779	1	0
9	68	6.23704625362	9	0
9	69	6.32885970879	9	0
9	70	6.22839425599	9	0
9	71	6.24279435149	9	0
9	72	6.32310733517	9	0
9	73	5.88579479762	9	0
9	74	5.75161202731	9	0
9	75	6.23806164841	9	0
9	76	6.24279095823	9	0
9	77	6.17813080898	9	0
9	78	6.35658748388	2	1
9	79	6.34191130398	9	0
9	80	5.80661419098	9	0
9	81	6.1354842934	9	0
9	82	6.24023573866	9	0
9	83	6.21884915462	3	0
9	84	6.25871153262	9	0
9	85	6.29840478118	9	0
9	86	6.3505100448	9	0
9	87	6.30407803958	9	0
9	88	6.272182881	9	0
9	89	6.26718062961	9	0
9	90	6.35568650574	9	0
9	91	6.29999931709	9	0
9	92	6.30382118224	9	0
9	93	6.32532445799	9	0
9	94	6.27404128331	9	0
9	95	6.18530144159	1	0
9	96	6.29436898198	9	0
9	97	5.67050425846	9	0
9	98	6.18313875818	9	0
9	99	7.87121945986	5	1
10	0	6.32609479354	6	0
10	1	6.27971626456	6	0
10	2	5.64145029407	6	0
10	3	6.10823739276	6	0
10	4	6.33018881266	6	0
10	5	6.2741986609	6	0
10	6	6.3889100239	6	0
10	7	6.20626982746	6	0
10	8	6.28813323392	6	0
10	9	6.29786137396	6	0
10	10	6.3261996141	6	0
10	11	6.29381125903	6	0
10	12	5.86351807525	6	0
10	13	6.1655356921	6	0
10	14	6.26408215333	0	0
10	15	6.36554821973	6	0
10	16	5.98200147014	4	1
10	17	6.21727793754	6	0
10	18	6.29025338921	6	0
10	19	6.23962860768	0	0
10	20	6.23715465746	5	0
10	21	6.18999901339	6	0
10	22	6.09627466111	4	0
10	23	6.30811731095	6	0
10	24	6.00600468738	5	0
10	25	6.26180296925	6	0
10	26	6.20835356512	6	0
10	27	6.2772610158	6	0
10	28	5.83623257629	6	0
10	29	6.29969467946	6	0
10	30	6.3009151373	6	0
10	31	6.28009838642	0	0
10	32	6.0799271235	4	0
10	33	6.36486202806	6	0
10	34	5.97194334366	5	0
10	35	6.37336626216	6	0
10	36	6.31259675301	6	0
10	37	5.73716734621	6	0
10	38	6.13873711721	6	0
10	39	6.211990547	6	0
10	40	6.26419082527	6	0
10	41	5.61929749772	6	0
10	42	6.26684720563	0	0
10	43	5.89590866901	5	1
10	44	6.02688792361	4	0
10	45	6.26716072795	6	0
10	46	5.75217336764	6	0
10	47	6.06624712727	6	0
10	48	6.30697158584	6	0
10	49	6.27370880194	6	0
10	50	6.28837432327	6	0
10	51	6.25240122342	6	0
10	52	6.11088902533	5	0
10	53	6.33783482486	6	0
10	54	6.36085945261	6	0
10	55	6.26229973815	6	0
10	56	6.16329016927	0	0
10	57	5.60858355519	6	1
10	58	6.11495832522	5	0
10	59	6.24547033944	6	0
10	60	6.32063825146	6	0
10	61	6.32882903363	6	0
10	62	6.26620050071	6	0
10	63	6.3117742651	6	0
10	64	6.28175624209	6	0
10	65	6.09983090685	4	0
10	66	5.75571259315	6	0
10	67	6.27607227963	6	0
10	68	6.27266731792	6	0
10	69	6.2351342264	6	0
10	70	6.28354078642	6	0
10	71	6.29022113569	6	0
10	72	6.22289758241	5	0
10	73	6.24602824982	6	0
10	74	6.39837239816	6	0
10	75	6.23805421713	6	0
10	76	6.27308417462	6	0
10	77	6.29929906084	6	0
10	78	6.3785066463	6	0
10	79	6.32422868015	6	0
10	80	6.24328657981	6	0
10	81	6.23012145369	6	0
10	82	6.16074294567	6	0
10	83	6.01819857173	4	0
10	84	6.25950672758	6	0
10	85	6.31759357046	6	0
10	86	6.28991134764	6	0
10	87	6.27073627161	6	0
10	88	6.05424781482	4	0
10	89	6.26775444047	6	0
10	90	6.22310895145	0	0
10	91	6.24286039925	6	0
10	92	5.82436127844	6	0
10	93	6.27578353392	6	0
10	94	6.10103470692	6	0
10	95	6.35121099832	6	0
10	96	6.09684862689	5	0
10	97	6.15584801438	0	1
10	98	6.17046234119	6	0
10	99	6.86104178829	9	1
11	0	6.23366982431	3	0
11	1	6.27664462438	9	0
11	2	6.51488617319	7	0
11	3	6.44707228612	3	0
11	4	6.09081258903	1	0
11	5	6.59329576773	1	0
11	6	6.62864018729	9	0
11	7	6.63105899093	9	0
11	8	6.28022314859	3	0
11	9	6.53820626247	1	0
11	10	6.05202944794	1	0
11	11	6.51051600635	9	0
11	12	6.5788153387	1	0
11	13	6.19194234575	9	0
11	14	6.50949144726	1	0
11	15	6.53137138766	1	0
11	16	6.45310104006	2	1
11	17	6.6150901111	9	0
11	18	6.58850843965	9	0
11	19	6.13165894337	1	0
11	20	6.54243137823	1	0
11	21	6.58441823364	1	0
11	22	6.61117786833	1	0
11	23	6.13664321709	9	0
11	24	6.61891069395	9	0
11	25	6.54383293877	9	0
11	26	6.54839138112	9	0
11	27	6.55470026439	9	0
11	28	6.65322092844	9	0
11	29	6.41893019959	1	0
11	30	6.60397487028	1	0
11	31	6.49523634838	1	0
11	32	6.09643365972	9	0
11	33	6.09198618195	9	0
11	34	6.65371149441	9	0
11	35	5.82931350229	1	1
11	36	6.61076481804	1	0
11	37	6.27982812994	3	0
11	38	6.50361788119	1	0
11	39	6.49552261828	3	0
11	40	6.52914362971	1	0
11	41	6.21382347254	3	1
11	42	6.56344304027	7	0
11	43	6.46509497575	8	1
11	44	6.64761852574	1	0
11	45	6.3754158365	3	0
11	46	6.31207926338	3	0
11	47	6.58756800835	1	0
11	48	6.14741745874	1	0
11	49	6.57904379393	1	0
11	50	6.57288793554	7	0
11	51	6.55266108658	1	0
11	52	6.57598914105	9	0
11	53	6.62239142879	1	0
11	54	6.06749903029	9	0
11	55	6.57548907502	1	0
11	56	6.54269309027	8	0
11	57	6.69430927047	9	0
11	58	6.6000824548	1	0
11	59	6.63148732411	1	0
11	60	6.56895535846	1	0
11	61	6.01959240647	9	1
11	62	6.65767593364	9	0
11	63	6.0197960295	1	0
11	64	6.6375239683	1	0
11	65	6.61343223258	8	0
11	66	6.58291518893	2	0
11	67	6.57242995799	9	0
11	68	6.36840805416	3	0
11	69	6.60462551395	9	0
11	70	6.27477154637	9	0
11	71	6.64950514571	1	0
11	72	6.21400223861	9	0
11	73	6.22593155095	9	0
11	74	6.58622297219	9	0
11	75	6.54317854407	9	0
11	76	6.42858954736	1	0
11	77	6.4814755984	9	0
11	78	6.60393626422	6	1
11	79	6.62307037215	1	0
11	80	6.63071388928	2	0
11	81	6.46972403018	9	0
11	82	6.42943923895	3	0
11	83	6.05085357512	1	0
11	84	6.3792780591	3	0
11	85	6.60298679549	1	0
11	86	6.6192765274	9	0
11	87	6.58304284468	9	0
11	88	6.57084657116	8	0
11	89	6.23836882609	1	0
11	90	6.55248068518	1	0
11	91	6.50992972624	1	0
11	92	6.60208540185	9	0
11	93	6.56145488324	1	0
11	94	6.39415638471	3	0
11	95	6.6409740639	1	0
11	96	6.58791308181	7	0
11	97	6.51342192683	7	1
11	98	6.55667046745	1	0
11	99	6.27534826235	4	1
12	0	6.29690191041	3	0
12	1	6.07254750782	4	0
12	2	6.1241151197	2	0
12	3	6.42329434447	4	0
12	4	6.37358795829	4	0
12	5	6.43901729154	4	0
12	6	6.51759902698	4	0
12	7	6.46348850573	4	0
12	8	6.31905951296	3	0
12	9	6.54548383697	4	0
12	10	6.54731918811	4	0
12	11	6.25097550945	4	0
12	12	6.51405765086	4	0
12	13	6.24542266246	4	0
12	14	6.0049430383	4	0
12	15	6.49300516793	4	0
12	16	5.82873733422	4	1
12	17	6.44481540114	4	0
12	18	6.43070841101	4	0
12	19	6.3704905977	3	0
12	20	6.07324518328	4	0
12	21	6.48456073469	4	0
12	22	5.97263647883	4	0
12	23	6.46049632367	4	0
12	24	6.50022859169	4	0
12	25	6.09229061407	4	0
12	26	6.36808272874	2	0
12	27	6.3030391171	4	0
12	28	6.44158442375	4	0
12	29	6.36286129184	4	0
12	30	6.47054286666	4	0
12	31	6.42311183918	6	0
12	32	6.53784142721	4	0
12	33	6.32896509066	3	0
12	34	6.48174524433	4	0
12	35	6.55665914311	1	1
12	36	6.00555673235	4	0
12	37	6.50335375894	4	0
12	38	6.4685783409	4	0
12	39	6.37943331438	4	0
12	40	6.50078195279	4	0
12	41	6.56782847945	4	0
12	42	6.49632137007	4	0
12	43	6.47658922772	4	0
12	44	6.49667273795	4	0
12	45	6.45300389477	4	0
12	46	6.03809139773	4	0
12	47	6.50204478498	4	0
12	48	6.45686440081	4	0
12	49	6.4602213248	4	0
12	50	6.36192193369	3	0
12	51	6.45411375083	4	0
12	52	6.46632910015	4	0
12	53	6.09085062551	2	1
12	54	6.15707036369	2	0
12	55	6.2112408703	2	0
12	56	5.85605275788	4	0
12	57	6.43343659011	4	0
12	58	6.49688340037	4	0
12	59	6.15150414641	2	0
12	60	6.509368086	4	0
12	61	6.29699508064	3	0
12	62	6.47003630446	4	0
12	63	6.40845409737	6	0
12	64	6.52130901442	4	0
12	65	6.35647288929	3	0
12	66	6.48455601541	4	0
12	67	6.28364758302	3	1
12	68	6.45381523011	4	0
12	69	5.86248283099	4	0
12	70	6.46889344315	4	0
12	71	6.44023589311	4	0
12	72	6.36744360111	4	0
12	73	6.47174451259	4	0
12	74	6.50272504376	4	0
12	75	6.4651621737	4	0
12	76	6.44756719941	4	0
12	77	6.42311543476	4	0
12	78	6.52419989072	4	0
12	79	6.41415942191	6	0
12	80	6.41243042119	3	0
12	81	6.43954369898	4	0
12	82	6.42210690891	4	0
12	83	6.57935548555	4	0
12	84	6.47377344893	4	0
12	85	6.45135942179	4	0
12	86	6.5349737551	4	0
12	87	6.47577734133	4	0
12	88	6.38463002359	6	1
12	89	6.34166248182	4	0
12	90	6.51013136714	4	0
12	91	6.40013334899	6	0
12	92	6.49129858364	4	0
12	93	6.47628030416	4	0
12	94	6.45275161769	4	0
12	95	6.16411754436	2	0
12	96	6.44969393499	6	0
12	97	6.47805742887	4	0
12	98	6.37530231849	4	0
12	99	8.81617460185	9	1
13	0	6.59917833353	4	0
13	1	6.54738326134	4	0
13	2	6.02607649922	1	0
13	3	6.12189348743	1	0
13	4	6.48272009209	2	0
13	5	6.52259346987	4	0
13	6	6.62896361626	4	0
13	7	5.97348079436	4	1
13	8	6.48675009742	4	0
13	9	6.56644886181	4	0
13	10	6.02987508461	4	0
13	11	6.47223829148	4	0
13	12	6.45291459565	0	0
13	13	6.55252586694	4	0
13	14	6.30671101693	1	0
13	15	6.56077066323	4	0
13	16	6.35742691244	2	1
13	17	6.44246870046	4	0
13	18	6.52624947854	4	0
13	19	6.543495389	4	0
13	20	6.52694872913	4	0
13	21	6.50962510559	0	0
13	22	6.48328258497	2	0
13	23	6.37824646269	0	0
13	24	6.60099944605	4	0
13	25	6.50570115818	4	0
13	26	6.46245148228	4	0
13	27	6.54796826314	4	0
13	28	6.22335130121	1	0
13	29	6.51991196507	4	0
13	30	6.548259823	4	0
13	31	6.0570512143	4	0
13	32	6.49369446045	4	0
13	33	6.00914270456	4	0
13	34	6.6381075959	4	0
13	35	6.09103951701	0	1
13	36	6.58710603909	4	0
13	37	6.53514360281	2	0
13	38	6.45439187837	0	0
13	39	6.25437560373	4	0
13	40	6.4167804149	0	0
13	41	6.52592042753	4	0
13	42	6.58783656337	4	0
13	43	6.59795035242	4	0
13	44	6.53004945058	4	0
13	45	6.23763816502	1	0
13	46	6.54074478918	4	0
13	47	6.08838884088	4	0
13	48	6.58415276665	4	0
13	49	6.48213776157	4	0
13	50	6.63426248118	4	0
13	51	6.42128265163	0	0
13	52	6.21939815036	1	0
13	53	6.65001785811	4	0
13	54	6.59537091684	4	0
13	55	6.56961214437	4	0
13	56	6.62644121494	4	0
13	57	6.51212269362	4	0
13	58	6.55577088078	4	0
13	59	6.62600295024	4	0
13	60	6.5150317529	2	0
13	61	6.56435028859	4	0
13	62	6.32593837149	0	0
13	63	6.54191233697	4	0
13	64	6.06886744633	1	0
13	65	6.03633301752	4	0
13	66	6.32020194474	0	0
13	67	5.98431221988	4	0
13	68	6.42531353042	4	0
13	69	6.56014270348	4	0
13	70	6.42372921759	4	0
13	71	6.51905123213	4	0
13	72	6.54492892411	4	0
13	73	6.25190577409	1	0
13	74	6.51304233008	4	0
13	75	6.07645339568	4	0
13	76	6.50840408299	4	0
13	77	6.35418661575	4	0
13	78	6.58366780351	4	0
13	79	6.54991524248	4	0
13	80	6.60045098991	4	0
13	81	6.24504129906	4	0
13	82	6.54184625519	4	0
13	83	6.01143759783	1	1
13	84	6.52407383934	4	0
13	85	6.61418558466	4	0
13	86	6.64745737472	4	0
13	87	6.46268441871	4	0
13	88	6.56915808837	4	0
13	89	6.55967833943	4	0
13	90	6.43041668586	2	0
13	91	6.51433851553	4	0
13	92	6.55113034011	4	0
13	93	6.55097318164	4	0
13	94	6.59978725792	4	0
13	95	6.45350655309	2	0
13	96	6.16220548919	1	0
13	97	6.58571088446	4	0
13	98	6.55336049419	4	0
13	99	8.39245177222	9	1
14	0	6.58404778325	1	0
14	1	6.47684239555	1	0
14	2	6.58976589743	1	0
14	3	6.2582119631	9	0
14	4	6.5648628887	1	0
14	5	6.52499380918	1	0
14	6	6.63878416539	1	0
14	7	6.61627489139	1	0
14	8	6.64353760807	1	0
14	9	6.63059205014	1	0
14	10	6.57563460085	1	0
14	11	6.55916924559	1	0
14	12	6.35196988842	9	0
14	13	6.57815898306	1	0
14	14	6.61913885502	1	0
14	15	6.24896398144	9	0
14	16	5.94446692953	1	1
14	17	6.51699040683	1	0
14	18	6.55771857994	1	0
14	19	6.48625966917	1	0
14	20	6.16973946635	1	0
14	21	6.60226565628	1	0
14	22	6.68918874675	1	0
14	23	6.57981844912	1	0
14	24	6.66342483716	1	0
14	25	6.22947125579	1	0
14	26	6.37791962176	9	0
14	27	6.58238749611	1	0
14	28	6.59936172558	1	0
14	29	6.50771092355	1	0
14	30	6.59929684401	1	0
14	31	6.59952635476	1	0
14	32	6.60232903612	1	0
14	33	6.2674440869	9	0
14	34	6.06147997901	1	0
14	35	6.73187460678	1	0
14	36	6.50349811512	1	0
14	37	6.20812863434	9	0
14	38	6.26219900981	1	0
14	39	6.54277801215	1	0
14	40	6.59750010154	1	0
14	41	6.00377542237	1	0
14	42	6.11606866263	1	0
14	43	6.65845528005	1	0
14	44	6.63638433121	1	0
14	45	6.59387568301	1	0
14	46	6.24671778484	9	0
14	47	6.404345963	9	0
14	48	6.57727992246	1	0
14	49	6.57321121566	1	0
14	50	6.60421033675	1	0
14	51	6.51897114394	1	0
14	52	6.61448765464	1	0
14	53	6.17541886676	9	0
14	54	6.55920030861	1	0
14	55	6.55793546797	1	0
14	56	6.69181196759	1	0
14	57	6.12474368424	9	1
14	58	6.57529623826	1	0
14	59	6.60523153237	1	0
14	60	6.66243187574	1	0
14	61	6.56048211347	1	0
14	62	6.61442498103	1	0
14	63	6.67003856069	1	0
14	64	6.21342989407	9	0
14	65	6.50772342218	1	0
14	66	6.54612465129	1	0
14	67	6.45348372279	9	0
14	68	6.55655234259	1	0
14	69	6.59674062565	1	0
14	70	6.49556139443	1	0
14	71	6.5975896221	1	0
14	72	6.54485454343	1	0
14	73	6.57283471063	1	0
14	74	6.54226030637	1	0
14	75	6.56247209962	1	0
14	76	6.58303586253	1	0
14	77	6.3122499423	9	0
14	78	6.63278521198	8	1
14	79	6.58364504458	1	0
14	80	6.13663278479	1	0
14	81	6.5272385192	1	0
14	82	6.26170758449	1	0
14	83	6.66676355652	1	0
14	84	6.58945769322	1	0
14	85	6.66517752358	1	0
14	86	6.66699269619	1	0
14	87	6.61776345659	1	0
14	88	6.62490771699	1	0
14	89	6.5174032956	1	0
14	90	6.63563276052	1	0
14	91	6.58383574595	1	0
14	92	6.52553944153	1	0
14	93	6.14210120034	1	0
14	94	6.51638282807	1	0
14	95	6.59428701852	1	0
14	96	6.67158557396	1	0
14	97	5.99431630215	1	0
14	98	6.41598599007	1	0
14	99	10.7569369833	2	0
15	0	6.81157479789	8	0
15	1	6.68993232753	8	0
15	2	6.38972387749	5	1
15	3	6.63266321676	8	0
15	4	6.6981123512	8	0
15	5	6.35381913363	8	0
15	6	6.76288935328	8	0
15	7	6.7318950936	8	0
15	8	6.74732551043	8	0
15	9	6.7312284635	8	0
15	10	6.3634245099	0	0
15	11	6.36729165233	8	0
15	12	6.72382398507	8	0
15	13	6.65959095334	8	0
15	14	6.6913962629	8	0
15	15	6.75716053012	8	0
15	16	6.25860356349	0	1
15	17	6.72595520283	8	0
15	18	6.58316989141	5	0
15	19	6.69362331928	8	0
15	20	6.6679800824	8	0
15	21	6.52109749766	0	0
15	22	6.76635838968	8	0
15	23	6.60953767866	8	0
15	24	6.70326603907	8	0
15	25	6.53069532234	0	0
15	26	6.70023394725	8	0
15	27	6.39884537923	8	0
15	28	6.74903953711	8	0
15	29	6.68581029767	8	0
15	30	6.53179086395	8	0
15	31	6.72492403237	8	0
15	32	6.1691158304	8	0
15	33	6.21181622477	8	0
15	34	6.73377922037	8	0
15	35	6.81629651278	8	0
15	36	6.68393068719	8	0
15	37	6.12809736661	8	0
15	38	6.64217078969	8	0
15	39	6.65162631835	8	0
15	40	6.59128485404	8	0
15	41	6.8381246881	8	0
15	42	6.71758905836	8	0
15	43	6.7731314285	8	0
15	44	6.76981615946	8	0
15	45	6.72296180196	8	0
15	46	6.58970325073	8	0
15	47	6.68661210209	8	0
15	48	6.75120146884	8	0
15	49	6.73520209368	8	0
15	50	6.75879440836	8	0
15	51	6.45557845399	0	0
15	52	6.66760611416	8	0
15	53	6.74150163414	8	0
15	54	6.41421638927	5	0
15	55	6.66970114316	8	0
15	56	6.73822125774	8	0
15	57	6.79847341821	8	0
15	58	6.75675511683	8	0
15	59	6.69927955264	8	0
15	60	6.76227401089	8	0
15	61	6.69852012777	8	0
15	62	6.22221392168	8	0
15	63	6.76239672436	8	0
15	64	6.72714016714	8	0
15	65	6.36738369093	0	0
15	66	6.46959389969	5	0
15	67	6.44192783902	5	0
15	68	6.73440733116	8	0
15	69	6.73516467913	8	0
15	70	6.64615744745	8	0
15	71	6.7464931118	8	0
15	72	6.61035835182	8	0
15	73	6.70562776563	8	0
15	74	6.74551864657	8	0
15	75	6.62851592089	8	0
15	76	6.71078529694	8	0
15	77	6.64185442153	8	0
15	78	6.03091483542	8	0
15	79	6.38765899482	0	0
15	80	6.76480161415	8	0
15	81	6.68309573613	8	0
15	82	6.70131216293	8	0
15	83	6.80896846937	8	0
15	84	6.63583705411	8	0
15	85	6.00959965127	8	1
15	86	6.69610198271	8	0
15	87	6.66500089875	8	0
15	88	6.74804956838	8	0
15	89	6.72732459743	8	0
15	90	6.78470168558	8	0
15	91	6.72421057923	8	0
15	92	6.47221051017	0	0
15	93	6.76363877842	8	0
15	94	6.73564086105	8	0
15	95	6.42017996035	5	0
15	96	6.72776838667	8	0
15	97	6.31198521012	0	0
15	98	6.69677411352	8	0
15	99	10.8297828709	2	0
16	0	6.6410984094	1	0
16	1	6.53941344516	1	0
16	2	6.6584476577	1	0
16	3	6.32682983748	0	0
16	4	6.56836880129	1	0
16	5	6.16196235686	1	0
16	6	6.61395124369	1	0
16	7	6.58611094213	1	0
16	8	6.54892542263	1	0
16	9	6.61398028494	1	0
16	10	6.622949958	1	0
16	11	6.49034714945	1	0
16	12	6.52782349374	1	0
16	13	6.45781456354	1	0
16	14	6.49153548999	1	0
16	15	6.52229137418	1	0
16	16	6.59561812225	1	0
16	17	6.56708948058	1	0
16	18	6.55692167205	1	0
16	19	6.51840492169	1	0
16	20	6.55989598237	1	0
16	21	6.51221663391	1	0
16	22	6.61436885685	1	0
16	23	6.53004099888	1	0
16	24	6.53262182105	1	0
16	25	6.51117798736	1	0
16	26	6.48358891539	1	0
16	27	6.55605958971	1	0
16	28	6.593760223	1	0
16	29	6.541171408	1	0
16	30	6.35733098277	1	0
16	31	6.63074153242	1	0
16	32	6.62465220984	1	0
16	33	6.61326871485	1	0
16	34	6.52205429577	1	0
16	35	6.61168515881	8	1
16	36	6.5361696128	1	0
16	37	5.97573189332	1	0
16	38	6.44886468336	1	0
16	39	6.5115728281	1	0
16	40	6.44886572547	1	0
16	41	6.27080130761	0	0
16	42	6.54691334608	1	0
16	43	6.66700057519	1	0
16	44	6.58922383451	1	0
16	45	6.55746065128	1	0
16	46	6.42996637827	1	0
16	47	6.53151982672	1	0
16	48	6.59466043324	1	0
16	49	6.5119147852	1	0
16	50	5.98525010726	1	0
16	51	6.56281935153	1	0
16	52	6.52511165507	1	0
16	53	6.62871921052	1	0
16	54	5.95847546332	1	0
16	55	6.38260012358	0	0
16	56	6.21841225141	0	1
16	57	6.63935644253	1	0
16	58	6.39773687476	0	0
16	59	6.54083120624	1	0
16	60	6.46227689787	1	0
16	61	6.60318282293	1	0
16	62	6.05987595937	1	0
16	63	6.62144004227	1	0
16	64	6.25244438594	0	0
16	65	6.63246258525	1	0
16	66	6.01153959431	1	0
16	67	6.57382798571	1	0
16	68	6.56472977765	1	0
16	69	6.54107063831	1	0
16	70	6.55483705992	1	0
16	71	6.52521256897	1	0
16	72	6.53748035748	1	0
16	73	6.52428709813	1	0
16	74	6.62522143652	1	0
16	75	6.46606152017	1	0
16	76	6.57503493682	1	0
16	77	6.51922568604	1	0
16	78	5.80673492723	1	1
16	79	6.60134875539	1	0
16	80	6.60685802143	1	0
16	81	6.3956262231	1	0
16	82	6.5268593924	1	0
16	83	6.64866353508	1	0
16	84	6.5168449655	1	0
16	85	6.53721269703	1	0
16	86	6.62445925981	1	0
16	87	6.53866473992	1	0
16	88	6.51190375263	1	0
16	89	6.53327957045	1	0
16	90	6.28660017859	0	0
16	91	6.55908797853	1	0
16	92	6.57413126688	1	0
16	93	6.56322571813	1	0
16	94	6.38789114218	0	0
16	95	6.62429232969	1	0
16	96	6.35312801483	0	0
16	97	6.60679011388	1	0
16	98	6.48313400952	1	0
16	99	8.97922240572	5	1
17	0	6.26008468483	0	0
17	1	6.77245557368	0	0
17	2	6.45487617832	8	1
17	3	6.60542632769	0	0
17	4	6.48070716951	5	0
17	5	6.71131641079	4	0
17	6	6.91781976379	0	0
17	7	6.38055595544	5	0
17	8	6.28514735348	0	0
17	9	6.78176707338	0	0
17	10	6.81872494065	0	0
17	11	6.77270927219	5	0
17	12	6.66363313192	4	0
17	13	6.54687646131	5	0
17	14	6.54112059405	1	0
17	15	6.84766720592	0	0
17	16	6.75791728929	2	1
17	17	6.66291643591	4	0
17	18	6.78168334043	0	0
17	19	6.53853013833	1	0
17	20	6.75867400962	8	0
17	21	6.7683789433	0	0
17	22	6.3811390025	5	0
17	23	6.80508268942	0	0
17	24	6.77751377167	7	1
17	25	6.82422689852	0	0
17	26	6.72807763337	8	0
17	27	6.70349619094	0	0
17	28	6.53313393182	5	0
17	29	6.71061149803	8	0
17	30	6.76415770794	0	0
17	31	6.78574384281	0	0
17	32	6.85195886441	2	0
17	33	6.81487290592	0	0
17	34	6.42728674036	1	0
17	35	6.88524264239	9	1
17	36	6.56358654015	4	0
17	37	6.30511556994	0	0
17	38	6.7642323651	0	0
17	39	6.41165288013	0	0
17	40	6.617784527	8	0
17	41	6.18031889911	0	1
17	42	6.83067824382	0	0
17	43	6.40243954536	4	0
17	44	6.37975220198	5	0
17	45	6.37248414221	0	0
17	46	6.56896903285	1	0
17	47	6.5853735121	0	0
17	48	6.80115261394	0	0
17	49	6.76273217959	0	0
17	50	6.48712165847	1	0
17	51	6.79081526186	0	0
17	52	6.61764129629	8	0
17	53	6.79592541582	7	0
17	54	6.83644517428	0	0
17	55	6.84060273793	0	0
17	56	6.3594120512	5	1
17	57	6.3666683178	1	1
17	58	6.78918006353	0	0
17	59	6.77482443472	0	0
17	60	6.38656412707	5	0
17	61	6.45129205915	1	0
17	62	6.54672855915	8	0
17	63	6.56931851199	4	0
17	64	6.44935158694	5	0
17	65	6.52615045227	8	0
17	66	6.57360596545	8	0
17	67	6.82618677905	0	0
17	68	6.36399581892	0	0
17	69	6.27391484285	0	0
17	70	6.77447625006	0	0
17	71	6.73502166269	0	0
17	72	6.77023622983	0	0
17	73	6.72995069904	0	0
17	74	6.86516820414	0	0
17	75	6.52559008268	5	0
17	76	6.56958284785	1	0
17	77	6.56747958403	1	0
17	78	6.38603396023	4	1
17	79	6.8145831733	0	0
17	80	6.62112438153	4	0
17	81	6.58379281193	0	0
17	82	6.4494947251	0	0
17	83	6.22220639884	0	0
17	84	6.63700859505	0	0
17	85	6.75445936688	0	0
17	86	6.80042239088	0	0
17	87	6.81408814588	0	0
17	88	6.51102160825	4	0
17	89	6.78879176261	0	0
17	90	6.79240074074	0	0
17	91	6.7927403113	0	0
17	92	6.5282048256	1	0
17	93	6.50191056608	1	0
17	94	6.52990111499	1	0
17	95	6.51077837423	8	0
17	96	6.34002290523	0	0
17	97	6.86529790443	0	0
17	98	6.71664588562	0	0
17	99	7.15473502602	6	1
18	0	6.66650807728	1	0
18	1	6.33035361176	1	0
18	2	6.64405657643	8	0
18	3	6.58029701601	8	0
18	4	6.31050665997	4	0
18	5	6.60777303938	8	0
18	6	6.32471549511	9	0
18	7	6.54188100136	5	0
18	8	6.65267038204	8	0
18	9	6.56331417463	5	0
18	10	6.51870579738	5	0
18	11	6.55313989914	1	0
18	12	6.55392959015	8	0
18	13	6.58951967909	8	0
18	14	6.2531613381	4	0
18	15	6.35781869053	9	0
18	16	6.00809576969	1	1
18	17	6.2142061327	8	0
18	18	6.60283244052	8	0
18	19	6.65025449994	1	0
18	20	6.5584002835	1	0
18	21	6.4275217821	8	0
18	22	6.63969618846	1	0
18	23	6.17754961844	1	0
18	24	6.08601410534	1	0
18	25	6.29555729407	8	0
18	26	6.33839790497	1	0
18	27	6.43686586611	4	0
18	28	6.20375693396	8	0
18	29	6.57812298661	1	0
18	30	6.59023065811	8	0
18	31	6.67048015692	1	0
18	32	6.17933780783	1	0
18	33	6.28106697144	4	0
18	34	6.65864846228	8	0
18	35	6.37313892126	5	1
18	36	6.31085443358	1	0
18	37	6.1909771721	4	0
18	38	6.53774936344	8	0
18	39	6.5340849476	8	0
18	40	6.17994267508	8	0
18	41	6.5854604894	8	0
18	42	6.68125375885	8	0
18	43	6.66805678525	0	1
18	44	6.65774294988	8	0
18	45	6.5818508776	1	0
18	46	6.62495674403	1	0
18	47	6.33516500889	4	0
18	48	6.61915650731	1	0
18	49	6.56994055507	5	0
18	50	6.58684757977	8	0
18	51	6.60863060628	1	0
18	52	6.58707758399	1	0
18	53	6.14087066993	4	0
18	54	6.39422023933	9	0
18	55	6.54375385608	1	0
18	56	6.11621751625	4	1
18	57	5.93978560594	8	1
18	58	6.62591999055	8	0
18	59	6.57719507568	8	0
18	60	6.66780674501	8	0
18	61	6.46706675073	9	0
18	62	6.60985694575	8	0
18	63	6.64800250229	8	0
18	64	6.50792481202	8	0
18	65	6.09879680067	1	0
18	66	6.12181289242	8	0
18	67	6.07042613869	1	0
18	68	6.34393188379	4	0
18	69	6.4750837493	5	0
18	70	6.56220989595	1	0
18	71	6.60488399047	8	0
18	72	6.54924736389	1	0
18	73	6.59615252388	1	0
18	74	6.5923238666	1	0
18	75	6.59022399304	5	0
18	76	6.59098146475	8	0
18	77	6.3048255789	1	0
18	78	6.24174063308	9	1
18	79	6.25409218862	4	0
18	80	6.22242898929	1	0
18	81	6.52385968082	1	0
18	82	6.4957574919	8	0
18	83	6.69364029557	8	0
18	84	6.52426188589	9	0
18	85	6.24958850275	4	0
18	86	6.66084410904	1	0
18	87	6.55270467278	1	0
18	88	6.63482346375	8	0
18	89	6.58923448872	8	0
18	90	6.58555262503	8	0
18	91	6.62920733346	8	0
18	92	6.09262342907	8	0
18	93	6.45666046287	9	0
18	94	6.59829861723	8	0
18	95	6.03810439299	8	0
18	96	6.665519363	8	0
18	97	6.65362270802	8	0
18	98	6.31327456852	8	0
18	99	6.33044993614	3	1
19	0	6.3072610781	9	0
19	1	6.67025505547	6	0
19	2	6.06100728277	6	0
19	3	6.66448114871	6	0
19	4	6.61901898229	6	0
19	5	6.54438595617	2	0
19	6	6.7699507928	6	0
19	7	6.36785858894	9	0
19	8	6.30957905521	2	0
19	9	6.21987729794	6	0
19	10	6.69375383524	6	0
19	11	6.60558796898	5	0
19	12	6.71154897553	6	0
19	13	6.62207725169	6	0
19	14	6.36378450246	2	0
19	15	6.69100547159	6	0
19	16	6.00353827989	6	1
19	17	6.58366040945	5	0
19	18	6.69357269928	6	0
19	19	6.53404699758	6	0
19	20	6.46834378821	9	0
19	21	6.54258942789	5	0
19	22	6.70680034094	6	0
19	23	6.62082904432	6	0
19	24	6.44960157466	8	0
19	25	6.55238611334	6	0
19	26	6.64882643201	6	0
19	27	6.66172040429	6	0
19	28	6.49305937258	9	0
19	29	6.66359322633	6	0
19	30	6.67831174772	6	0
19	31	6.6812205918	6	0
19	32	6.67597689182	6	0
19	33	6.67115524103	6	0
19	34	6.32506234385	9	0
19	35	6.76934686212	6	0
19	36	6.42121089017	9	0
19	37	6.79686130867	6	0
19	38	6.7036778697	2	0
19	39	6.59368122952	5	0
19	40	6.64535711852	6	0
19	41	6.28320189274	9	0
19	42	6.4944849465	8	0
19	43	6.7151814354	6	0
19	44	6.70736314065	6	0
19	45	6.41621756592	2	0
19	46	6.47569821089	9	0
19	47	6.67099689955	6	0
19	48	6.49070345407	5	0
19	49	6.54704074398	2	0
19	50	6.72785368159	6	0
19	51	6.54688254658	9	0
19	52	6.60134743346	8	0
19	53	6.46546484425	8	0
19	54	6.70880907248	6	0
19	55	6.51553436183	8	0
19	56	6.80196588623	6	0
19	57	6.44756705063	8	0
19	58	6.4686658858	5	0
19	59	6.28031764157	2	0
19	60	6.14781493506	6	0
19	61	6.75130542272	6	0
19	62	6.56575699465	8	0
19	63	6.35155739151	2	0
19	64	6.34322029622	2	0
19	65	6.66769006459	6	0
19	66	6.32441152871	2	0
19	67	6.37989874565	9	0
19	68	6.6653803082	6	0
19	69	6.25870477132	2	0
19	70	6.59506917337	5	0
19	71	6.24329714059	2	1
19	72	6.62761820726	6	0
19	73	6.58778167392	6	0
19	74	6.67019403602	6	0
19	75	6.60666142616	6	0
19	76	6.46597606411	5	0
19	77	6.66973419109	6	0
19	78	6.22827126955	9	1
19	79	6.54405093155	6	0
19	80	6.59085479471	8	0
19	81	6.54925384895	2	0
19	82	6.593741035	6	0
19	83	6.31207980456	5	1
19	84	6.64191255386	6	0
19	85	6.37393543562	8	1
19	86	6.46175305205	8	0
19	87	6.72672684857	2	0
19	88	6.34168816637	5	0
19	89	6.6616619306	6	0
19	90	6.17533625178	6	0
19	91	6.69189562551	6	0
19	92	6.39737536709	5	0
19	93	6.37391488174	9	0
19	94	6.6412880481	6	0
19	95	6.12082657001	6	0
19	96	6.69512872405	6	0
19	97	6.07112986895	6	0
19	98	6.62671732975	6	0
19	99	6.86157829908	4	1
20	0	6.70517839614	7	0
20	1	6.52717681642	4	0
20	2	6.76424270901	0	0
20	3	6.60721175741	0	0
20	4	6.42542560073	4	0
20	5	6.6883278957	0	0
20	6	6.60071054084	5	0
20	7	6.52299400339	6	0
20	8	6.51890152247	1	0
20	9	6.71419667471	0	0
20	10	6.74488706167	0	0
20	11	6.66194251475	0	0
20	12	6.31171917561	0	0
20	13	6.64415902674	0	0
20	14	6.70601221737	9	0
20	15	6.60601654091	9	0
20	16	6.63585874069	7	1
20	17	6.69746177138	0	0
20	18	6.71435591803	0	0
20	19	6.57344715966	0	0
20	20	6.68385013448	0	0
20	21	6.66422610326	0	0
20	22	6.53120706125	6	0
20	23	6.43973493551	4	0
20	24	6.35950680888	4	0
20	25	6.66616176896	0	0
20	26	6.34734767624	0	0
20	27	6.64680660066	0	0
20	28	6.73429211765	0	0
20	29	6.63488872888	0	0
20	30	6.69066571026	0	0
20	31	6.60487955205	6	0
20	32	6.75311774552	0	0
20	33	6.38057170535	4	0
20	34	6.07280093785	0	0
20	35	6.53307925624	5	1
20	36	6.65169731654	0	0
20	37	6.66656085809	9	0
20	38	6.51374251571	4	0
20	39	6.69245993065	0	0
20	40	6.5199622346	4	0
20	41	6.52971314861	9	1
20	42	6.70027516803	0	0
20	43	6.45980655252	1	0
20	44	6.50346555165	6	0
20	45	6.69632243625	0	0
20	46	6.4272049782	4	0
20	47	6.66734050252	9	0
20	48	6.50724776692	4	0
20	49	6.6928770068	0	0
20	50	6.15646483286	0	0
20	51	6.52921946789	4	0
20	52	6.65994400569	6	0
20	53	6.46655224248	1	0
20	54	6.07579367311	0	0
20	55	6.61795960747	6	0
20	56	6.48319559519	6	1
20	57	6.43365921	1	1
20	58	6.69941679279	0	0
20	59	6.0978334801	0	0
20	60	6.74861314841	0	0
20	61	6.30957162493	4	1
20	62	6.66729092623	0	0
20	63	6.73277215709	0	0
20	64	6.50967817524	1	0
20	65	6.74303498197	7	0
20	66	6.63761004504	0	0
20	67	6.34151581582	4	0
20	68	6.61984906011	0	0
20	69	6.61208227632	0	0
20	70	6.70789454669	0	0
20	71	6.71286171194	0	0
20	72	6.71133389025	0	0
20	73	6.73518508912	0	0
20	74	6.70601235627	0	0
20	75	6.6124502508	1	0
20	76	6.65665085381	0	0
20	77	6.55458618772	0	0
20	78	6.58965318707	5	0
20	79	6.72809592485	0	0
20	80	6.64705926802	9	0
20	81	6.63571645091	0	0
20	82	6.71419495107	9	0
20	83	6.46391392974	1	0
20	84	6.19451644912	0	0
20	85	5.99458927859	0	1
20	86	6.79569711431	0	0
20	87	6.65163405704	0	0
20	88	6.60322842404	0	0
20	89	6.59890200819	4	0
20	90	6.70255111512	0	0
20	91	6.58632725738	6	0
20	92	6.72488065297	0	0
20	93	6.71795489476	0	0
20	94	6.58264278652	1	0
20	95	6.77716924189	0	0
20	96	6.68031586894	0	0
20	97	6.46119256347	1	0
20	98	6.38726102458	0	0
20	99	6.13922060819	8	1
21	0	6.47059979836	8	0
21	1	6.26589443943	9	0
21	2	5.89893025809	8	0
21	3	6.11066047753	2	0
21	4	6.55691947585	2	0
21	5	6.271066724	7	0
21	6	6.5613641814	8	0
21	7	6.53245276764	8	0
21	8	6.08768320338	9	0
21	9	6.11194161841	7	0
21	10	5.99605065795	7	0
21	11	6.37798917761	7	0
21	12	6.54696392551	8	0
21	13	6.43283080649	2	0
21	14	6.5150979698	8	0
21	15	6.50588616447	8	0
21	16	5.9593642324	9	1
21	17	6.25061034613	8	0
21	18	6.15021361216	8	0
21	19	6.14937278648	2	0
21	20	6.44381255951	8	0
21	21	6.47422133545	8	0
21	22	6.59090071709	7	0
21	23	6.048397122	8	0
21	24	6.33291834188	4	0
21	25	6.22470102729	9	0
21	26	6.23753882833	7	0
21	27	6.47460707892	8	0
21	28	6.49946293495	8	0
21	29	6.5002211963	8	0
21	30	6.50661120975	8	0
21	31	6.07679335877	2	0
21	32	6.03229401	7	0
21	33	5.95951480139	8	0
21	34	6.01406901379	9	0
21	35	6.58712054269	8	0
21	36	6.45780153022	8	0
21	37	6.06401538686	2	0
21	38	6.21937461647	9	0
21	39	6.44340699022	8	0
21	40	6.46640012787	8	0
21	41	6.58166957414	8	0
21	42	6.31425239973	4	0
21	43	5.95328225911	2	1
21	44	6.55537375144	8	0
21	45	6.28644881594	9	0
21	46	6.12044033535	2	0
21	47	6.36731823329	8	0
21	48	6.54173151112	8	0
21	49	6.1338076946	9	0
21	50	6.56096546915	8	0
21	51	6.24535813344	2	0
21	52	6.38159379228	7	0
21	53	6.32674629294	4	0
21	54	5.973039186	7	1
21	55	6.03029697954	7	0
21	56	6.03613692441	9	0
21	57	6.24541002239	4	1
21	58	6.52037043419	8	0
21	59	6.06508470094	9	0
21	60	6.52389274078	8	0
21	61	5.9322175682	8	0
21	62	6.54763446285	8	0
21	63	6.54362165288	8	0
21	64	6.50181072473	7	0
21	65	6.03392629984	7	0
21	66	6.10868161312	9	0
21	67	5.97185426062	8	0
21	68	6.21475869246	2	0
21	69	6.30175427014	4	0
21	70	6.44686401179	8	0
21	71	6.07443066024	7	0
21	72	6.26494833942	2	0
21	73	6.19779956378	2	0
21	74	6.51020725939	8	0
21	75	6.02738641902	8	0
21	76	6.48202444035	8	0
21	77	6.41963146554	8	0
21	78	6.51574357301	8	0
21	79	6.07684450944	7	0
21	80	6.53168968493	8	0
21	81	6.33540966491	9	0
21	82	6.18687644341	8	0
21	83	6.55678965847	8	0
21	84	6.47881027013	8	0
21	85	6.53801021845	8	0
21	86	6.54099950267	2	0
21	87	6.1313035907	8	0
21	88	6.54340781359	8	0
21	89	6.44094292367	8	0
21	90	6.5316837279	8	0
21	91	6.11863900641	2	0
21	92	6.44394446706	4	0
21	93	6.43249176309	4	0
21	94	6.35509091058	8	0
21	95	6.50347324743	8	0
21	96	6.11645074231	2	0
21	97	5.88825274742	8	1
21	98	6.37323026847	9	0
21	99	5.08742081507	3	1
22	0	6.37237431879	2	0
22	1	6.23226342575	2	0
22	2	6.35805551712	6	0
22	3	6.13974250281	9	0
22	4	6.16668344042	9	0
22	5	6.38502247457	2	0
22	6	5.98008250513	9	1
22	7	6.42125833078	2	0
22	8	6.37410696297	2	0
22	9	6.36142118142	2	0
22	10	6.35439585757	2	0
22	11	6.37539884545	2	0
22	12	6.44507138884	2	0
22	13	6.32409705027	2	0
22	14	6.41090401635	2	0
22	15	6.39201109033	2	0
22	16	6.47352888091	2	0
22	17	5.94645676026	2	0
22	18	6.36509291225	2	0
22	19	6.34953853944	2	0
22	20	5.91264639502	2	0
22	21	6.21905153023	2	0
22	22	5.98232326924	2	0
22	23	6.40155352669	2	0
22	24	6.43263477595	2	0
22	25	6.31025137788	2	0
22	26	6.04174997524	2	0
22	27	6.27276209985	2	0
22	28	6.39691941299	2	0
22	29	6.32049944889	2	0
22	30	6.3671868189	2	0
22	31	6.38803012256	2	0
22	32	6.45169098297	2	0
22	33	6.39416439626	2	0
22	34	5.76194865738	2	0
22	35	6.48418955437	2	0
22	36	6.26195849382	2	0
22	37	6.03228838462	9	0
22	38	6.20186005364	9	0
22	39	6.32489012343	2	0
22	40	5.9722438399	2	0
22	41	6.445185893	2	0
22	42	6.43072178881	2	0
22	43	5.68681833153	2	1
22	44	6.41819535577	2	0
22	45	6.37054608067	2	0
22	46	6.11537922854	9	0
22	47	6.3560764135	2	0
22	48	6.40532915335	2	0
22	49	6.37208283348	2	0
22	50	6.44208256887	2	0
22	51	5.96170024664	2	0
22	52	5.94421758595	2	0
22	53	6.43673241752	2	0
22	54	6.34488047792	2	0
22	55	6.30646308437	2	0
22	56	6.49916129217	2	0
22	57	6.30264811085	6	1
22	58	6.34278079971	2	0
22	59	6.38345862765	2	0
22	60	6.4609635895	2	0
22	61	6.04714016172	9	0
22	62	6.30975479869	2	0
22	63	6.4164118379	2	0
22	64	6.37767264321	2	0
22	65	5.82642840876	2	0
22	66	6.38550855824	2	0
22	67	6.3753820384	2	0
22	68	6.37323415843	2	0
22	69	6.37809347016	6	0
22	70	6.4095961371	2	0
22	71	6.34998896258	2	0
22	72	6.18886255869	9	0
22	73	6.31759883735	2	0
22	74	6.26302433855	2	0
22	75	6.31446524639	2	0
22	76	6.36316725316	2	0
22	77	6.3141899317	2	0
22	78	6.4633774885	2	0
22	79	6.39176236499	2	0
22	80	6.26451762299	2	0
22	81	6.3563738402	2	0
22	82	6.19792304767	2	0
22	83	6.45133686959	2	0
22	84	6.1827081336	9	0
22	85	6.44567801518	2	0
22	86	6.48017323946	2	0
22	87	6.36531296351	2	0
22	88	6.39014311307	2	0
22	89	6.22590660738	2	0
22	90	6.4122111799	2	0
22	91	6.33361759903	2	0
22	92	6.39126075459	2	0
22	93	6.3222269095	2	0
22	94	6.37813982924	2	0
22	95	6.38399341996	2	0
22	96	6.45471046585	6	0
22	97	6.40992932325	2	0
22	98	6.25914173558	2	0
22	99	6.48637427919	8	1
23	0	6.32045742457	3	0
23	1	6.24083059238	3	0
23	2	6.27500122317	0	0
23	3	5.91856575898	3	0
23	4	6.26250283463	3	0
23	5	6.33100278509	3	0
23	6	6.36041804444	0	0
23	7	6.31715158771	3	0
23	8	6.3409848992	0	0
23	9	5.87425656814	0	0
23	10	6.36557630156	0	0
23	11	6.27449948858	0	0
23	12	6.31607030314	0	0
23	13	6.09695253203	0	0
23	14	5.87076885075	3	0
23	15	6.30467070772	0	0
23	16	5.62337498698	0	0
23	17	6.28574343598	0	0
23	18	6.27695621235	3	0
23	19	6.19774716442	3	0
23	20	6.25508006755	0	0
23	21	6.2700564279	0	0
23	22	5.76330005452	3	0
23	23	6.21915084024	0	0
23	24	6.32093710306	0	0
23	25	5.92785914718	0	0
23	26	6.23292446059	0	0
23	27	6.28037237939	0	0
23	28	5.88331967649	0	0
23	29	6.27548568244	3	0
23	30	6.26655229676	0	0
23	31	6.25733950518	3	0
23	32	6.21824891603	3	0
23	33	6.28772447889	0	0
23	34	6.38242701304	0	0
23	35	6.37035969708	3	0
23	36	6.30453289471	3	0
23	37	5.73524925138	3	0
23	38	6.29775347912	3	0
23	39	6.12041208612	0	0
23	40	6.2733389703	3	0
23	41	6.3383571851	0	0
23	42	6.2306177267	0	0
23	43	6.35156206953	0	0
23	44	5.70438684402	3	1
23	45	6.23824560341	0	0
23	46	5.86392912125	0	0
23	47	6.19476976997	3	0
23	48	6.30721838678	0	0
23	49	6.22460565447	0	0
23	50	6.30441744375	0	0
23	51	6.26349013601	0	0
23	52	6.22727240985	3	0
23	53	6.33037121074	0	0
23	54	6.32292272978	3	0
23	55	6.14534785182	0	0
23	56	6.3745045952	0	0
23	57	5.61327710907	0	1
23	58	6.36054395192	3	0
23	59	6.30061657743	3	0
23	60	6.30834371773	0	0
23	61	6.34188871336	0	0
23	62	5.81937591911	0	0
23	63	5.76329615111	3	0
23	64	6.26038408304	0	0
23	65	6.28328170985	0	0
23	66	6.27267307455	0	0
23	67	5.80235071872	0	0
23	68	6.31779998711	0	0
23	69	5.68005470613	0	0
23	70	6.29275907058	0	0
23	71	6.24510018856	0	0
23	72	6.23912146102	0	0
23	73	6.2586970858	0	0
23	74	6.35530763701	0	0
23	75	6.20524259804	0	0
23	76	6.30590555088	0	0
23	77	6.22908329718	0	0
23	78	6.37811974635	0	0
23	79	5.97354913319	0	0
23	80	6.3439458522	3	0
23	81	6.21998439281	3	0
23	82	6.26055343035	3	0
23	83	6.38982231247	3	0
23	84	6.03428918754	3	0
23	85	6.29932750255	3	0
23	86	6.33395592241	0	0
23	87	6.32210827901	0	0
23	88	6.35479132885	3	0
23	89	5.9757501458	3	0
23	90	5.78677128017	3	0
23	91	6.31903457851	0	0
23	92	6.32094800384	0	0
23	93	6.33791511219	0	0
23	94	6.27123026445	0	0
23	95	6.26335086786	3	0
23	96	6.3239442734	0	0
23	97	5.7385377788	3	0
23	98	6.20218674031	0	0
23	99	6.96761735561	6	1
24	0	6.423566376	4	0
24	1	6.35680062851	4	0
24	2	6.42816524002	4	0
24	3	6.14325529364	0	0
24	4	6.49772737466	4	0
24	5	6.43500183172	4	0
24	6	6.49875000758	4	0
24	7	6.50532375039	0	0
24	8	5.93202691645	4	0
24	9	5.98921279912	4	0
24	10	6.50867501059	4	0
24	11	6.43076332177	0	0
24	12	6.47936693652	4	0
24	13	6.38812287176	4	0
24	14	6.42823850905	4	0
24	15	6.47550547917	4	0
24	16	5.80520963174	4	1
24	17	6.46186982419	4	0
24	18	6.06678032009	4	0
24	19	6.31336998604	2	0
24	20	6.46245359467	4	0
24	21	6.44313338995	4	0
24	22	6.47387320253	0	0
24	23	6.46211512398	4	0
24	24	6.51218045396	4	0
24	25	6.3328994647	4	0
24	26	6.36682701482	4	0
24	27	6.23322539863	0	0
24	28	6.50634673829	4	0
24	29	6.42285562126	4	0
24	30	6.45741298059	4	0
24	31	6.42620859169	4	0
24	32	6.49539976245	4	0
24	33	6.28637873744	2	0
24	34	5.87424213945	4	0
24	35	6.55004582671	4	0
24	36	6.39930016622	4	0
24	37	5.91154694345	0	0
24	38	6.38760463955	4	0
24	39	6.40051112021	4	0
24	40	6.35133091115	0	0
24	41	6.17350885135	2	1
24	42	5.93856230249	4	0
24	43	6.50958912335	4	0
24	44	5.92779102486	0	0
24	45	6.42035209082	4	0
24	46	6.35719331128	0	0
24	47	6.33990544487	2	0
24	48	6.46427874741	4	0
24	49	6.45451468479	4	0
24	50	6.02624969844	0	0
24	51	6.45120828455	4	0
24	52	6.38086745049	0	0
24	53	6.49330524793	4	0
24	54	6.38901797	4	0
24	55	6.4228284697	4	0
24	56	6.25948852393	1	1
24	57	6.46214867129	4	0
24	58	6.48237484401	4	0
24	59	6.5047611168	0	0
24	60	6.51214799028	0	0
24	61	6.19632267204	2	0
24	62	6.51386184613	0	0
24	63	5.96265226265	4	0
24	64	6.37908867938	1	0
24	65	6.39659911015	1	0
24	66	6.42489814831	1	0
24	67	6.57310047773	4	0
24	68	6.46250619553	4	0
24	69	5.93421777923	0	0
24	70	6.4011143827	4	0
24	71	6.38515253726	4	0
24	72	6.35909989613	4	0
24	73	6.38691277905	2	0
24	74	6.35150094411	1	0
24	75	6.3900888874	4	0
24	76	6.45776230057	0	0
24	77	6.42298724981	4	0
24	78	6.50241993025	4	0
24	79	6.45719840508	4	0
24	80	6.27263575172	2	0
24	81	6.24813052408	4	0
24	82	6.40978810377	4	0
24	83	5.95605784964	0	0
24	84	6.05990910034	0	0
24	85	5.78809775224	0	1
24	86	6.55940124468	0	0
24	87	6.48746293233	4	0
24	88	6.47863258479	4	0
24	89	6.38474680519	4	0
24	90	6.51431587161	4	0
24	91	6.44311386883	4	0
24	92	6.29013926512	2	0
24	93	6.40553293048	1	0
24	94	6.39617067488	4	0
24	95	6.4339773724	4	0
24	96	6.51109456632	4	0
24	97	5.845063481	4	0
24	98	6.32456932792	4	0
24	99	6.65121262182	9	1
25	0	6.34688318827	7	0
25	1	6.59457983833	3	0
25	2	6.65893283099	8	0
25	3	6.20150889525	3	0
25	4	6.470367685	6	0
25	5	6.6666402799	3	0
25	6	6.69076905462	3	0
25	7	6.76375433015	3	0
25	8	6.59071418965	2	0
25	9	6.43747471071	7	0
25	10	6.37591275524	6	0
25	11	6.65851777781	3	0
25	12	6.71057197036	3	0
25	13	6.58474695102	3	0
25	14	6.6871984806	3	0
25	15	6.68764660791	3	0
25	16	6.30288043426	7	0
25	17	6.67456130855	3	0
25	18	6.67601856776	3	0
25	19	6.70261184665	3	0
25	20	6.69197892707	3	0
25	21	6.65353372119	3	0
25	22	6.52566072476	5	0
25	23	6.68826801953	3	0
25	24	6.52934369129	5	0
25	25	6.32323936965	3	0
25	26	6.38844511956	3	0
25	27	6.67600784186	3	0
25	28	6.70259332118	3	0
25	29	6.69878450729	3	0
25	30	6.56822468203	3	0
25	31	6.73985869141	3	0
25	32	6.3774246482	6	0
25	33	6.43288451368	6	0
25	34	6.05834433481	3	0
25	35	6.26891905542	5	1
25	36	6.63847820949	3	0
25	37	6.69704368803	3	0
25	38	6.63158156092	3	0
25	39	6.61076677107	3	0
25	40	6.51026194658	6	0
25	41	6.3495822797	7	0
25	42	6.69093887842	3	0
25	43	6.30456294612	7	0
25	44	6.51143025133	0	0
25	45	6.67613361711	3	0
25	46	6.62256415695	3	0
25	47	6.66487328174	3	0
25	48	6.72695840252	3	0
25	49	6.63546951349	3	0
25	50	6.44695826341	7	0
25	51	6.6787361005	3	0
25	52	6.55414846113	3	0
25	53	6.70040572771	4	1
25	54	6.07523279898	3	0
25	55	6.19459447004	3	0
25	56	6.38906887745	5	0
25	57	6.28331361185	7	1
25	58	6.58462487239	5	0
25	59	6.49809071167	5	0
25	60	6.70093950069	4	0
25	61	6.54178773558	0	0
25	62	6.2177960861	3	0
25	63	6.63010392714	2	0
25	64	6.42561525954	6	0
25	65	6.36998789612	7	0
25	66	6.68601332549	3	0
25	67	6.40252979817	7	0
25	68	6.65251219251	0	0
25	69	6.63008172267	8	1
25	70	6.64312156042	3	0
25	71	6.61964707716	3	0
25	72	6.72103616722	3	0
25	73	6.68418188598	3	0
25	74	6.69392179862	3	0
25	75	6.26071697059	3	0
25	76	6.6035967512	5	0
25	77	6.60420399158	3	0
25	78	5.97192966844	3	1
25	79	6.59423624065	0	0
25	80	6.63146461246	3	0
25	81	6.60589503308	3	0
25	82	6.64391851225	7	0
25	83	6.46877436817	0	1
25	84	6.44757458643	6	0
25	85	6.24523253655	6	1
25	86	6.57021311499	2	1
25	87	6.67210074311	3	0
25	88	6.63502377607	3	0
25	89	6.64394844366	3	0
25	90	6.32674363296	6	0
25	91	6.49378988124	7	0
25	92	6.61609178405	2	0
25	93	6.60080801636	2	0
25	94	6.66684007128	3	0
25	95	6.72823943351	3	0
25	96	6.43640317193	7	0
25	97	6.47859455224	5	0
25	98	6.42306838662	3	0
25	99	8.83211270529	9	1
26	0	5.55730592929	5	0
26	1	6.02137389312	7	0
26	2	5.83466242856	8	0
26	3	6.20201278563	5	0
26	4	6.19407660908	5	0
26	5	6.06451707134	7	0
26	6	5.99776400299	6	0
26	7	5.80584264299	7	0
26	8	6.1607959616	5	0
26	9	5.95458499108	8	0
26	10	5.88565965308	8	0
26	11	6.21921099355	5	0
26	12	6.21557102116	5	0
26	13	6.18928511995	5	0
26	14	6.1878793342	5	0
26	15	6.03183504904	6	0
26	16	5.76917827161	8	1
26	17	6.20699283089	5	0
26	18	6.18551882907	5	0
26	19	6.1157859464	6	0
26	20	6.17673632522	5	0
26	21	6.12096099188	5	0
26	22	5.82507338237	4	0
26	23	5.79748054933	5	0
26	24	6.04335458024	5	0
26	25	6.06531404396	8	0
26	26	6.13704737061	5	0
26	27	6.07142815719	5	0
26	28	6.16636929399	6	0
26	29	6.19868626883	5	0
26	30	6.10753988184	5	0
26	31	6.2682414606	5	0
26	32	6.22325417719	5	0
26	33	5.87259335131	7	0
26	34	5.74255548327	4	0
26	35	6.23644622631	5	0
26	36	6.22262229849	5	0
26	37	5.909417727	8	0
26	38	6.06083375223	5	0
26	39	6.02596086908	4	0
26	40	6.18906432521	5	0
26	41	5.99194255534	6	1
26	42	6.20153471927	5	0
26	43	5.65622461098	4	1
26	44	6.16548700443	5	0
26	45	5.75239823224	5	0
26	46	5.91933956167	8	0
26	47	6.14357455886	6	0
26	48	5.90786933816	4	0
26	49	6.09046794539	5	0
26	50	5.94560751557	8	0
26	51	6.13787831302	5	0
26	52	6.18234615721	5	0
26	53	6.1234845778	5	0
26	54	5.84184508754	7	0
26	55	6.04374055077	5	0
26	56	5.6635123783	4	0
26	57	5.51004720126	5	0
26	58	6.13702282568	5	0
26	59	6.1856153461	5	0
26	60	6.21384831377	5	0
26	61	6.1497166792	5	0
26	62	6.19446069622	5	0
26	63	6.17651816718	5	0
26	64	6.22492910635	5	0
26	65	6.17827112853	5	0
26	66	5.63433685307	5	0
26	67	5.50854297584	5	1
26	68	6.14606991094	5	0
26	69	6.06923790372	6	0
26	70	6.0770611947	5	0
26	71	5.76701536627	4	0
26	72	6.21344675322	5	0
26	73	6.13852112789	5	0
26	74	6.2569200527	5	0
26	75	6.00753656397	8	0
26	76	6.12779122218	5	0
26	77	6.09730788572	5	0
26	78	5.70193407601	7	1
26	79	6.24294112233	5	0
26	80	6.18971042154	5	0
26	81	6.07583933291	5	0
26	82	6.16715794022	5	0
26	83	6.28456785385	5	0
26	84	6.13555422704	5	0
26	85	6.23006703697	5	0
26	86	5.60212888241	5	0
26	87	6.17113347796	5	0
26	88	5.83113303725	7	0
26	89	6.1480447276	5	0
26	90	6.17451820596	5	0
26	91	6.18452415278	5	0
26	92	5.90838691928	7	0
26	93	6.18499052386	5	0
26	94	5.65648029157	5	0
26	95	6.22268886926	5	0
26	96	5.82095906008	4	0
26	97	6.00195990812	6	0
26	98	6.12739341396	5	0
26	99	8.24730642859	9	1
27	0	6.41618310727	6	1
27	1	6.3579768985	8	0
27	2	6.25437344404	0	0
27	3	6.40967438692	1	0
27	4	6.20944700579	8	0
27	5	6.56806991407	0	0
27	6	6.75418305274	8	0
27	7	6.71401371685	8	0
27	8	6.71756252266	8	0
27	9	6.72662609831	8	0
27	10	6.7359840211	8	0
27	11	6.42609953351	8	0
27	12	6.76882486892	8	0
27	13	6.27250634674	8	0
27	14	6.66589661392	8	0
27	15	6.68233553079	8	0
27	16	6.05059398495	8	1
27	17	6.74487401202	8	0
27	18	6.69172782038	8	0
27	19	6.39236509769	0	0
27	20	6.6955348904	8	0
27	21	6.72376254972	8	0
27	22	6.64153017607	8	0
27	23	6.63525583465	8	0
27	24	6.17039372688	8	0
27	25	6.59915874971	8	0
27	26	6.50409548657	1	0
27	27	6.64714925837	8	0
27	28	6.7272668061	1	0
27	29	6.64171211721	8	0
27	30	6.71549111581	8	0
27	31	6.34848577298	1	0
27	32	6.32202505208	0	0
27	33	6.72158425386	8	0
27	34	6.75255706534	8	0
27	35	6.75070553546	8	0
27	36	6.6689166983	8	0
27	37	6.30361586839	1	0
27	38	6.65841110894	8	0
27	39	6.65501057991	8	0
27	40	6.68999769036	8	0
27	41	6.46590440606	6	0
27	42	6.73555059647	8	0
27	43	6.44206592484	6	0
27	44	6.76749358782	8	0
27	45	6.56719853899	6	0
27	46	6.28836341156	8	0
27	47	6.46629667719	1	0
27	48	6.31337787874	8	0
27	49	6.65756394383	8	0
27	50	6.34188359559	0	0
27	51	6.68052239172	8	0
27	52	6.63256892016	8	0
27	53	6.50678972569	6	0
27	54	6.16377498767	8	0
27	55	6.24183952531	8	0
27	56	6.77573086157	8	0
27	57	6.70420395838	8	0
27	58	6.71519348013	8	0
27	59	6.70538843898	8	0
27	60	6.15610039204	8	0
27	61	6.75201688349	8	0
27	62	6.60463535312	6	0
27	63	6.55046383714	6	0
27	64	6.29978367889	1	0
27	65	6.37331373963	1	0
27	66	6.73611666346	8	0
27	67	6.54221917868	6	0
27	68	6.71267828885	8	0
27	69	6.64231090953	8	0
27	70	6.58931603304	8	0
27	71	6.67017888595	8	0
27	72	6.64886035348	8	0
27	73	6.61867337495	8	0
27	74	6.70457960145	8	0
27	75	6.70502040899	8	0
27	76	6.47721969802	1	0
27	77	6.68453041189	8	0
27	78	6.70796904984	8	0
27	79	6.68975261947	8	0
27	80	6.76048585978	8	0
27	81	6.58208418882	8	0
27	82	6.62162796433	8	0
27	83	6.45278951519	6	0
27	84	6.59505050185	1	0
27	85	6.16886842961	1	1
27	86	6.69396998577	8	0
27	87	6.43705197566	1	0
27	88	6.65884073999	8	0
27	89	6.62947251857	8	0
27	90	6.70166463189	8	0
27	91	6.38195824416	1	0
27	92	6.75690224464	8	0
27	93	6.69193006326	8	0
27	94	6.72681321526	8	0
27	95	6.37338668498	0	0
27	96	6.34840372355	0	0
27	97	6.25038978481	0	1
27	98	6.57455280589	8	0
27	99	9.66709391507	9	1
28	0	6.51409819815	6	0
28	1	6.49171440339	7	0
28	2	6.65930012933	6	0
28	3	6.59365021242	6	0
28	4	6.09078227528	6	0
28	5	6.59948770442	6	0
28	6	6.2457783118	9	1
28	7	5.98468479159	6	0
28	8	6.58908320306	6	0
28	9	6.48056414332	5	0
28	10	6.57735379792	6	0
28	11	6.34832083005	6	0
28	12	6.18879303343	6	0
28	13	6.52089270287	6	0
28	14	6.42233101973	7	0
28	15	6.33886615653	9	0
28	16	6.52975953466	4	1
28	17	6.45460813325	6	0
28	18	6.50058559208	9	0
28	19	6.40800370553	9	0
28	20	6.47766049229	6	0
28	21	6.50949881938	6	0
28	22	6.05030602966	6	0
28	23	6.54717194104	6	0
28	24	6.63123105742	6	0
28	25	6.51899047594	9	0
28	26	6.52687311579	6	0
28	27	6.50863290653	6	0
28	28	6.58404248191	6	0
28	29	6.50663565121	6	0
28	30	6.59698676782	6	0
28	31	6.44659534697	5	0
28	32	6.55252935877	6	0
28	33	6.40210175853	7	0
28	34	6.27138259348	7	1
28	35	6.68450950607	6	0
28	36	6.42565299729	7	0
28	37	6.65873659535	6	0
28	38	6.52160092687	6	0
28	39	6.58320227031	6	0
28	40	6.60224133069	6	0
28	41	6.31359805321	5	1
28	42	6.63242603578	6	0
28	43	5.89411313151	6	1
28	44	6.58907581204	6	0
28	45	6.54043548275	6	0
28	46	6.5555725061	6	0
28	47	6.45978271485	5	0
28	48	6.54223716527	5	0
28	49	6.47045093472	7	0
28	50	6.59688932688	6	0
28	51	6.6048496703	6	0
28	52	6.56942299575	6	0
28	53	6.60253142849	4	0
28	54	6.29439773091	7	0
28	55	6.09285489162	6	0
28	56	6.62567415669	6	0
28	57	6.3582895721	5	0
28	58	6.59353246931	6	0
28	59	6.34740901984	7	0
28	60	6.27603330946	9	0
28	61	6.68761486854	6	0
28	62	6.51608726026	6	0
28	63	6.59688171683	6	0
28	64	6.59263129724	6	0
28	65	6.6115420286	6	0
28	66	6.52492461559	6	0
28	67	6.02334422265	6	0
28	68	6.52615397034	5	0
28	69	6.60925291996	6	0
28	70	6.531944588	6	0
28	71	6.38889671127	9	0
28	72	6.54994743827	6	0
28	73	6.48057930838	6	0
28	74	6.48544561253	6	0
28	75	6.53074086207	5	0
28	76	6.56254976963	6	0
28	77	6.45092885774	7	0
28	78	6.65899570525	0	0
28	79	6.05866172847	6	0
28	80	6.59016125817	6	0
28	81	6.49218727352	6	0
28	82	6.58352348214	5	0
28	83	6.62155566677	6	0
28	84	6.52015199585	6	0
28	85	6.59713590735	0	1
28	86	6.59805693647	6	0
28	87	6.55105838777	6	0
28	88	6.56307620625	6	0
28	89	6.52599911259	6	0
28	90	6.53793127473	6	0
28	91	6.42858687242	5	0
28	92	6.40763771166	9	0
28	93	6.58688263892	6	0
28	94	6.59051512644	6	0
28	95	6.53572060344	6	0
28	96	6.6133056437	6	0
28	97	6.67812306802	6	0
28	98	6.55326212948	6	0
28	99	6.43014815662	3	1
29	0	6.47472196506	6	0
29	1	6.48332463654	3	0
29	2	5.96741792572	4	0
29	3	6.46596370315	5	0
29	4	6.58290102042	3	0
29	5	6.25661891674	2	0
29	6	5.94375351491	4	0
29	7	6.53408611962	3	0
29	8	6.3566766786	5	0
29	9	6.05889954725	4	0
29	10	6.58921259041	4	0
29	11	6.49383410384	3	0
29	12	6.54876863996	4	0
29	13	6.23344252886	4	0
29	14	6.51222749788	3	0
29	15	5.97417527494	2	0
29	16	5.91397161261	4	1
29	17	6.49645796195	2	0
29	18	6.15939544082	3	0
29	19	6.17505351101	3	0
29	20	6.50769190446	3	0
29	21	6.49296355326	3	0
29	22	6.09511540159	4	0
29	23	6.14049432241	2	0
29	24	5.97864200733	3	1
29	25	6.22341732058	4	0
29	26	6.45526699625	3	0
29	27	6.50042206638	3	0
29	28	6.47469155221	5	0
29	29	6.50615104464	3	0
29	30	6.4834587707	3	0
29	31	6.0286936494	3	0
29	32	6.55295160309	3	0
29	33	6.04203352543	3	0
29	34	6.42070235183	6	0
29	35	6.28635614531	6	1
29	36	6.54398766721	3	0
29	37	6.04852067097	2	0
29	38	6.51997837324	4	0
29	39	6.49082762668	5	0
29	40	6.17734005022	2	0
29	41	6.62433575728	0	1
29	42	6.56397237094	3	0
29	43	6.57104515113	3	0
29	44	6.54911173574	4	0
29	45	6.48814180697	3	0
29	46	6.5201331877	2	0
29	47	6.43529252794	2	0
29	48	6.1381001941	4	0
29	49	6.53875725759	4	0
29	50	6.59151118073	3	0
29	51	6.47417136296	3	0
29	52	6.5134180042	4	0
29	53	6.58466878075	4	0
29	54	6.5528339576	4	0
29	55	6.33729619978	4	0
29	56	6.26353205675	5	1
29	57	6.5438848335	4	0
29	58	6.52910113596	4	0
29	59	6.45823539406	6	0
29	60	6.34754270408	5	0
29	61	6.5078965516	3	0
29	62	6.07116720083	3	0
29	63	6.47373162907	6	0
29	64	6.3413565926	5	0
29	65	6.0005943802	3	0
29	66	6.10532977273	4	0
29	67	6.52991614261	3	0
29	68	6.45440011015	3	0
29	69	6.58835232597	4	0
29	70	6.38955537866	3	0
29	71	6.54053265261	3	0
29	72	6.49371190883	3	0
29	73	6.52707958361	4	0
29	74	6.09686682804	2	0
29	75	6.47210092262	3	0
29	76	6.41649589417	3	0
29	77	6.47506095798	3	0
29	78	5.87416964401	2	1
29	79	6.01046847044	3	0
29	80	6.55745596406	3	0
29	81	6.47796265013	4	0
29	82	6.51998513669	4	0
29	83	5.97887636565	3	0
29	84	6.1537695299	3	0
29	85	6.53159645775	3	0
29	86	6.59293328279	3	0
29	87	6.41260045721	3	0
29	88	6.53987052849	3	0
29	89	6.5180907048	4	0
29	90	6.56454249382	3	0
29	91	6.45001836474	4	0
29	92	6.5502172584	3	0
29	93	6.55482546735	4	0
29	94	6.07791606694	4	0
29	95	6.45518699334	6	0
29	96	6.40781299066	5	0
29	97	6.38068129204	4	0
29	98	6.44862462549	4	0
29	99	7.77816541315	1	1
30	0	6.24643704824	4	0
30	1	6.2446582293	4	0
30	2	5.64614127525	4	0
30	3	6.09002450663	4	0
30	4	6.31862086106	4	0
30	5	5.93293380121	4	0
30	6	6.29552362825	4	0
30	7	6.29539533296	4	0
30	8	5.73532872524	4	0
30	9	6.26915310077	4	0
30	10	6.05636994401	3	0
30	11	6.11797044585	4	0
30	12	6.27452904682	4	0
30	13	6.0507120678	9	0
30	14	6.1861751625	9	0
30	15	6.28612455407	4	0
30	16	6.38683272605	9	0
30	17	6.27874290747	9	0
30	18	6.26787966498	4	0
30	19	6.28504281591	4	0
30	20	6.2921489821	4	0
30	21	6.21339498553	4	0
30	22	6.28463923111	4	0
30	23	6.25000144301	4	0
30	24	6.30862358242	4	0
30	25	6.22514404402	4	0
30	26	6.2163565655	9	0
30	27	6.20685367611	9	0
30	28	6.2504564927	4	0
30	29	6.27134421893	4	0
30	30	6.15970751028	4	0
30	31	6.28548811415	4	0
30	32	6.30379434977	4	0
30	33	6.31353231351	4	0
30	34	6.19995672683	4	0
30	35	5.82295601051	3	1
30	36	5.82571396976	4	0
30	37	5.69851932718	9	0
30	38	6.15117199892	9	0
30	39	6.17098706881	4	0
30	40	5.89987095525	9	0
30	41	6.37209153692	4	0
30	42	6.27133263106	4	0
30	43	6.35336779632	4	0
30	44	6.27148581696	9	0
30	45	6.25818680859	4	0
30	46	5.7432813117	9	0
30	47	6.24022492889	9	0
30	48	6.27261777417	4	0
30	49	6.2786621769	9	0
30	50	6.33939202293	4	0
30	51	6.12325892825	3	0
30	52	6.11821381157	3	0
30	53	6.33793588047	9	0
30	54	5.68685265817	4	0
30	55	6.23503526075	9	0
30	56	5.62180142401	9	1
30	57	6.30041539118	9	0
30	58	6.15905079312	3	0
30	59	6.30117103373	4	0
30	60	6.28347798153	4	0
30	61	6.2936954722	4	0
30	62	5.81293748676	4	0
30	63	6.26566192458	9	0
30	64	6.29792273096	4	0
30	65	6.03629690155	3	0
30	66	5.74697959842	9	0
30	67	6.26501359359	9	0
30	68	6.29262067595	4	0
30	69	5.67210872749	9	0
30	70	6.19355733053	4	0
30	71	5.74364157723	9	0
30	72	6.21066324481	9	0
30	73	6.27857330887	9	0
30	74	6.32650197383	4	0
30	75	6.20019847105	9	0
30	76	5.9177080108	4	0
30	77	6.25342938857	4	0
30	78	5.53754773338	4	1
30	79	6.29170434107	4	0
30	80	6.30982201411	4	0
30	81	6.04469952135	4	0
30	82	6.25898049236	4	0
30	83	6.24766025816	4	0
30	84	5.96828527308	4	0
30	85	6.23003887462	9	0
30	86	6.33220418379	4	0
30	87	6.27387778216	9	0
30	88	6.31792824794	4	0
30	89	6.27513134503	4	0
30	90	6.34569476859	9	0
30	91	6.07252145282	3	0
30	92	6.31499645722	4	0
30	93	6.22397989181	4	0
30	94	5.82819982587	9	0
30	95	6.32727272762	4	0
30	96	6.26603070966	4	0
30	97	6.24356692603	4	0
30	98	6.16772664113	4	0
30	99	6.33186260065	2	1
31	0	6.67460698435	2	0
31	1	6.59200033437	2	0
31	2	6.63714302977	2	0
31	3	6.49859187894	0	0
31	4	6.48098330048	0	0
31	5	6.64046351967	2	0
31	6	6.62419906544	8	0
31	7	6.66543319386	8	0
31	8	6.62006894246	2	0
31	9	6.22088142972	2	0
31	10	6.6946301905	2	0
31	11	6.6344999346	2	0
31	12	6.70051315755	2	0
31	13	6.60125176217	2	0
31	14	6.64888096769	2	0
31	15	6.68440805151	2	0
31	16	6.26534362904	0	1
31	17	6.60422823707	2	0
31	18	6.63325249001	2	0
31	19	6.19174932426	2	0
31	20	6.58688216732	2	0
31	21	6.63905752957	2	0
31	22	6.66591658214	2	0
31	23	6.6645886605	2	0
31	24	6.66412473651	2	0
31	25	6.33144342675	2	0
31	26	6.53346494351	2	0
31	27	6.63379697668	2	0
31	28	6.63152899169	2	0
31	29	6.60087793684	2	0
31	30	6.57483554759	2	0
31	31	6.63879531351	2	0
31	32	6.38574510631	0	0
31	33	6.61758322839	2	0
31	34	6.65807601387	2	0
31	35	6.49013138606	4	1
31	36	6.64666346427	2	0
31	37	6.70130926432	2	0
31	38	6.65527292662	2	0
31	39	6.52242259296	2	0
31	40	6.63724685733	2	0
31	41	6.69928696201	2	0
31	42	6.69822789834	2	0
31	43	6.60516165017	8	1
31	44	6.67516033954	2	0
31	45	6.5043276478	0	0
31	46	6.48661973935	0	0
31	47	6.63530661122	2	0
31	48	6.68067751992	2	0
31	49	6.62560529166	2	0
31	50	6.72400732902	2	0
31	51	6.63040538586	2	0
31	52	6.61395582093	2	0
31	53	6.341096145	0	0
31	54	6.6508591891	4	0
31	55	6.20223251907	2	0
31	56	6.76152680844	2	0
31	57	6.6618607035	2	0
31	58	6.65976998876	2	0
31	59	6.14998096811	2	0
31	60	6.6776338834	2	0
31	61	6.12425095378	2	0
31	62	6.46162356087	0	0
31	63	6.45115721145	0	0
31	64	6.67715969315	4	0
31	65	6.66699841981	2	0
31	66	6.64070625839	2	0
31	67	6.6651917069	2	0
31	68	6.62714209931	2	0
31	69	6.68277901245	8	0
31	70	6.49451718231	2	0
31	71	6.25922697809	2	0
31	72	6.51795838926	0	0
31	73	6.56569707141	0	0
31	74	6.68956338481	2	0
31	75	6.22193308311	2	0
31	76	6.67259158359	2	0
31	77	6.67972926936	2	0
31	78	6.63386867891	2	0
31	79	6.72766631603	2	0
31	80	6.22973570488	2	0
31	81	6.45057125253	2	0
31	82	6.50472884394	2	0
31	83	6.75680789084	2	0
31	84	6.69349630024	2	0
31	85	6.65835172489	2	0
31	86	6.11511451391	2	0
31	87	6.64043153376	2	0
31	88	6.70074105258	2	0
31	89	6.60958764676	2	0
31	90	6.65227102837	2	0
31	91	6.6622621561	2	0
31	92	6.58809235129	2	0
31	93	6.68690528048	2	0
31	94	6.64052174277	2	0
31	95	6.67565697275	4	0
31	96	6.66105416687	2	0
31	97	6.09387785744	2	1
31	98	6.61522393229	2	0
31	99	8.48202893807	3	1
